4.678200000000000000e+04 8.455920000000000414e+01
4.681200000000000000e+04 8.480590000000000828e+01
4.684200000000000000e+04 8.506090000000000373e+01
4.687200000000000000e+04 8.532069999999998799e+01
4.690200000000000000e+04 8.553289999999999793e+01
4.693200000000000000e+04 8.570629999999999882e+01
4.696200000000000000e+04 8.587549999999998818e+01
4.699200000000000000e+04 8.601250000000000284e+01
4.702200000000000000e+04 8.615720000000000312e+01
4.705200000000000000e+04 8.628060000000000684e+01
4.708200000000000000e+04 8.637079999999998847e+01
4.711200000000000000e+04 8.643900000000000716e+01
4.714200000000000000e+04 8.649890000000000612e+01
4.717200000000000000e+04 8.653430000000000177e+01
4.720200000000000000e+04 8.652859999999999729e+01
4.723200000000000000e+04 8.649640000000000839e+01
4.726200000000000000e+04 8.642249999999999943e+01
4.729200000000000000e+04 8.632240000000000180e+01
4.732200000000000000e+04 8.619740000000000180e+01
4.735200000000000000e+04 8.603659999999999286e+01
4.738200000000000000e+04 8.585969999999998947e+01
4.741200000000000000e+04 8.563119999999999266e+01
4.744200000000000000e+04 8.543420000000000414e+01
4.747200000000000000e+04 8.526849999999998886e+01
4.750200000000000000e+04 8.506090000000000373e+01
4.753200000000000000e+04 8.486809999999999832e+01
4.756200000000000000e+04 8.465590000000000259e+01
4.759200000000000000e+04 8.442549999999999955e+01
4.762200000000000000e+04 8.420369999999999777e+01
4.765200000000000000e+04 8.396440000000001191e+01
4.768200000000000000e+04 8.371819999999999595e+01
4.771200000000000000e+04 8.345489999999999498e+01
4.774200000000000000e+04 8.319320000000000448e+01
4.777200000000000000e+04 8.291670000000000584e+01
4.780200000000000000e+04 8.265130000000000621e+01
4.783200000000000000e+04 8.235779999999999745e+01
4.786200000000000000e+04 8.205270000000000152e+01
4.789200000000000000e+04 8.173220000000000596e+01
4.792200000000000000e+04 8.140939999999999088e+01
4.795200000000000000e+04 8.107410000000000139e+01
4.798200000000000000e+04 8.072610000000000241e+01
4.801200000000000000e+04 8.040319999999999823e+01
4.804200000000000000e+04 8.007829999999999870e+01
4.807200000000000000e+04 7.970950000000000557e+01
4.810200000000000000e+04 7.933480000000000132e+01
4.813200000000000000e+04 7.897390000000000043e+01
4.816200000000000000e+04 7.860399999999999920e+01
4.819200000000000000e+04 7.823020000000001062e+01
4.822200000000000000e+04 7.787910000000000821e+01
4.825200000000000000e+04 7.752989999999999782e+01
4.828200000000000000e+04 7.722950000000000159e+01
4.831200000000000000e+04 7.686050000000000182e+01
4.834200000000000000e+04 7.648229999999999507e+01
4.837200000000000000e+04 7.610300000000000864e+01
4.840200000000000000e+04 7.574249999999999261e+01
4.843200000000000000e+04 7.538469999999999516e+01
4.846200000000000000e+04 7.501470000000000482e+01
4.849200000000000000e+04 7.464710000000000889e+01
4.852200000000000000e+04 7.429689999999999372e+01
4.855200000000000000e+04 7.396420000000000528e+01
4.858200000000000000e+04 7.366670000000000584e+01
4.861200000000000000e+04 7.338259999999999650e+01
4.864200000000000000e+04 7.309730000000000416e+01
4.867200000000000000e+04 7.280599999999999739e+01
4.870200000000000000e+04 7.252060000000000173e+01
4.873200000000000000e+04 7.226309999999999434e+01
4.876200000000000000e+04 7.200769999999999982e+01
4.879200000000000000e+04 7.177720000000000766e+01
4.882200000000000000e+04 7.153839999999999577e+01
4.885200000000000000e+04 7.132969999999998834e+01
4.888200000000000000e+04 7.108450000000000557e+01
4.891200000000000000e+04 7.079359999999999786e+01
4.894200000000000000e+04 7.048609999999999332e+01
4.897200000000000000e+04 7.017569999999999197e+01
4.900200000000000000e+04 6.985999999999999943e+01
4.903200000000000000e+04 6.956399999999999295e+01
4.906200000000000000e+04 6.926999999999999602e+01
4.909200000000000000e+04 6.894219999999999970e+01
4.912200000000000000e+04 6.859820000000000562e+01
4.915200000000000000e+04 6.829319999999999879e+01
4.918200000000000000e+04 6.800539999999999452e+01
4.921200000000000000e+04 6.770050000000000523e+01
4.924200000000000000e+04 6.738369999999999038e+01
4.927200000000000000e+04 6.706659999999999400e+01
4.930200000000000000e+04 6.677960000000000207e+01
4.933200000000000000e+04 6.653499999999999659e+01
4.936200000000000000e+04 6.630089999999999861e+01
4.939200000000000000e+04 6.602959999999998786e+01
4.942200000000000000e+04 6.577209999999999468e+01
4.945200000000000000e+04 6.552459999999999241e+01
4.948200000000000000e+04 6.529429999999999268e+01
4.951200000000000000e+04 6.504930000000000234e+01
4.954200000000000000e+04 6.481220000000000425e+01
4.957200000000000000e+04 6.454540000000000077e+01
4.960200000000000000e+04 6.427049999999999841e+01
4.963200000000000000e+04 6.400499999999999545e+01
4.966200000000000000e+04 6.375399999999999778e+01
4.969200000000000000e+04 6.350779999999999603e+01
4.972200000000000000e+04 6.330949999999999989e+01
4.975200000000000000e+04 6.309010000000000673e+01
4.978200000000000000e+04 6.288199999999999790e+01
4.981200000000000000e+04 6.267190000000000083e+01
4.984200000000000000e+04 6.247820000000000107e+01
4.987200000000000000e+04 6.228340000000000032e+01
4.990200000000000000e+04 6.208200000000000074e+01
4.993200000000000000e+04 6.191469999999999629e+01
4.996200000000000000e+04 6.171629999999999683e+01
4.999200000000000000e+04 6.151080000000000325e+01
5.002200000000000000e+04 6.128449999999999420e+01
5.005200000000000000e+04 6.105040000000000333e+01
5.008200000000000000e+04 6.083820000000000050e+01
5.011200000000000000e+04 6.061670000000000158e+01
5.014200000000000000e+04 6.041519999999999868e+01
5.017200000000000000e+04 6.020860000000000412e+01
5.020200000000000000e+04 6.000359999999999872e+01
5.023200000000000000e+04 5.982339999999999947e+01
5.026200000000000000e+04 5.965489999999999782e+01
5.029200000000000000e+04 5.948729999999999762e+01
5.032200000000000000e+04 5.934609999999999985e+01
5.035200000000000000e+04 5.918639999999999901e+01
5.038200000000000000e+04 5.902439999999999998e+01
5.041200000000000000e+04 5.885139999999999816e+01
5.044200000000000000e+04 5.868090000000000117e+01
5.047200000000000000e+04 5.850220000000000198e+01
5.050200000000000000e+04 5.830890000000000128e+01
5.053200000000000000e+04 5.811840000000000117e+01
5.056200000000000000e+04 5.791250000000000142e+01
5.059200000000000000e+04 5.772259999999999991e+01
5.062200000000000000e+04 5.752949999999999875e+01
5.065200000000000000e+04 5.734749999999999659e+01
5.068200000000000000e+04 5.717470000000000141e+01
5.071200000000000000e+04 5.702040000000000219e+01
5.074200000000000000e+04 5.688519999999999754e+01
5.077200000000000000e+04 5.678630000000000422e+01
5.080200000000000000e+04 5.671179999999999666e+01
5.083200000000000000e+04 5.664199999999999591e+01
5.086200000000000000e+04 5.659790000000000276e+01
5.089200000000000000e+04 5.661140000000000327e+01
5.092200000000000000e+04 5.657329999999999615e+01
5.095200000000000000e+04 5.654500000000000171e+01
5.098200000000000000e+04 5.654769999999999897e+01
5.101200000000000000e+04 5.656410000000000338e+01
5.104200000000000000e+04 5.657830000000000581e+01
5.107200000000000000e+04 5.659879999999999711e+01
5.110200000000000000e+04 5.663889999999999958e+01
5.113200000000000000e+04 5.669259999999999877e+01
5.116200000000000000e+04 5.672190000000000509e+01
5.119200000000000000e+04 5.673910000000000053e+01
5.122200000000000000e+04 5.676650000000000063e+01
5.125200000000000000e+04 5.675489999999999924e+01
5.128200000000000000e+04 5.677590000000000003e+01
5.131200000000000000e+04 5.680150000000000432e+01
5.134200000000000000e+04 5.686010000000000275e+01
5.137200000000000000e+04 5.689799999999999613e+01
5.140200000000000000e+04 5.697070000000000078e+01
5.143200000000000000e+04 5.705480000000000018e+01
5.146200000000000000e+04 5.713289999999999935e+01
5.149200000000000000e+04 5.716830000000000211e+01
5.152200000000000000e+04 5.721110000000000184e+01
5.155200000000000000e+04 5.723409999999999798e+01
5.158200000000000000e+04 5.728659999999999997e+01
5.161200000000000000e+04 5.733269999999999555e+01
5.164200000000000000e+04 5.737270000000000181e+01
5.167200000000000000e+04 5.738439999999999941e+01
5.170200000000000000e+04 5.737720000000000198e+01
5.173200000000000000e+04 5.736090000000000089e+01
5.176200000000000000e+04 5.732189999999999941e+01
5.179200000000000000e+04 5.727599999999999625e+01
5.182200000000000000e+04 5.724249999999999972e+01
5.185200000000000000e+04 5.721479999999999677e+01
5.188200000000000000e+04 5.723369999999999891e+01
5.191200000000000000e+04 5.725349999999999540e+01
5.194200000000000000e+04 5.724860000000000326e+01
5.197200000000000000e+04 5.721379999999999910e+01
5.200200000000000000e+04 5.714400000000000546e+01
5.203200000000000000e+04 5.718230000000000501e+01
5.206200000000000000e+04 5.719780000000000086e+01
5.209200000000000000e+04 5.722840000000000060e+01
5.212200000000000000e+04 5.722419999999999618e+01
5.215200000000000000e+04 5.725629999999999598e+01
5.218200000000000000e+04 5.729849999999999710e+01
5.221200000000000000e+04 5.728479999999999706e+01
5.224200000000000000e+04 5.727790000000000248e+01
5.227200000000000000e+04 5.727680000000000149e+01
5.230200000000000000e+04 5.726970000000000027e+01
5.233200000000000000e+04 5.727069999999999794e+01
5.236200000000000000e+04 5.730270000000000152e+01
5.239200000000000000e+04 5.730539999999999878e+01
5.242200000000000000e+04 5.729129999999999967e+01
5.245200000000000000e+04 5.725150000000000006e+01
5.248200000000000000e+04 5.717909999999999826e+01
5.251200000000000000e+04 5.702580000000000382e+01
5.254200000000000000e+04 5.686149999999999949e+01
5.257200000000000000e+04 5.669679999999999609e+01
5.260200000000000000e+04 5.650900000000000034e+01
5.263200000000000000e+04 5.632469999999999999e+01
5.266200000000000000e+04 5.615360000000000440e+01
5.269200000000000000e+04 5.596519999999999584e+01
5.272200000000000000e+04 5.579440000000000310e+01
5.275200000000000000e+04 5.562689999999999912e+01
5.278200000000000000e+04 5.546149999999999380e+01
5.281200000000000000e+04 5.527759999999999962e+01
5.284200000000000000e+04 5.510879999999999512e+01
5.287200000000000000e+04 5.497360000000000468e+01
5.290200000000000000e+04 5.483579999999999899e+01
5.293200000000000000e+04 5.467099999999999937e+01
5.296200000000000000e+04 5.452130000000000365e+01
5.299200000000000000e+04 5.439539999999999509e+01
5.302200000000000000e+04 5.424670000000000414e+01
5.305200000000000000e+04 5.409270000000000067e+01
5.308200000000000000e+04 5.393580000000000041e+01
5.311200000000000000e+04 5.380939999999999657e+01
5.314200000000000000e+04 5.370279999999999632e+01
5.317200000000000000e+04 5.358689999999999998e+01
5.320200000000000000e+04 5.348979999999999535e+01
5.323200000000000000e+04 5.339349999999999596e+01
5.326200000000000000e+04 5.328190000000000026e+01
5.329200000000000000e+04 5.318500000000000227e+01
5.332200000000000000e+04 5.308729999999999905e+01
5.335200000000000000e+04 5.300010000000000332e+01
5.338200000000000000e+04 5.288799999999999812e+01
5.341200000000000000e+04 5.277159999999999940e+01
5.344200000000000000e+04 5.266619999999999635e+01
5.347200000000000000e+04 5.258119999999999550e+01
5.350200000000000000e+04 5.250039999999999907e+01
5.353200000000000000e+04 5.238940000000000197e+01
5.356200000000000000e+04 5.230230000000000246e+01
5.359200000000000000e+04 5.220909999999999940e+01
5.362200000000000000e+04 5.213899999999999579e+01
5.365200000000000000e+04 5.207229999999999848e+01
5.368200000000000000e+04 5.202329999999999899e+01
5.371200000000000000e+04 5.197319999999999851e+01
5.374200000000000000e+04 5.194369999999999976e+01
5.377200000000000000e+04 5.191349999999999909e+01
5.380200000000000000e+04 5.187340000000000373e+01
5.383200000000000000e+04 5.183319999999999794e+01
5.386200000000000000e+04 5.176890000000000214e+01
5.389200000000000000e+04 5.172010000000000218e+01
5.392200000000000000e+04 5.170309999999999917e+01
5.395200000000000000e+04 5.173420000000000130e+01
5.398200000000000000e+04 5.181110000000000326e+01
5.401200000000000000e+04 5.186749999999999972e+01
5.404200000000000000e+04 5.195509999999999451e+01
5.407200000000000000e+04 5.196090000000000231e+01
5.410200000000000000e+04 5.199809999999999377e+01
5.413200000000000000e+04 5.202660000000000196e+01
5.416200000000000000e+04 5.201370000000000005e+01
5.419200000000000000e+04 5.196399999999999864e+01
5.422200000000000000e+04 5.189310000000000400e+01
5.425200000000000000e+04 5.185450000000000159e+01
5.428200000000000000e+04 5.180539999999999878e+01
5.431200000000000000e+04 5.169619999999999749e+01
5.434200000000000000e+04 5.158820000000000050e+01
5.437200000000000000e+04 5.148069999999999879e+01
5.440200000000000000e+04 5.136619999999999919e+01
5.443200000000000000e+04 5.124609999999999843e+01
5.446200000000000000e+04 5.109469999999999601e+01
5.449200000000000000e+04 5.098389999999999844e+01
5.452200000000000000e+04 5.088279999999999603e+01
5.455200000000000000e+04 5.077329999999999899e+01
5.458200000000000000e+04 5.067909999999999826e+01
5.461200000000000000e+04 5.059040000000000248e+01
5.464200000000000000e+04 5.043919999999999959e+01
5.467200000000000000e+04 5.027539999999999765e+01
5.470200000000000000e+04 5.016610000000000014e+01
5.473200000000000000e+04 5.005219999999999914e+01
5.476200000000000000e+04 4.996330000000000382e+01
5.479200000000000000e+04 4.989590000000000458e+01
5.482200000000000000e+04 4.983440000000000225e+01
5.485200000000000000e+04 4.983249999999999602e+01
5.488200000000000000e+04 4.988100000000000023e+01
5.491200000000000000e+04 4.988709999999999667e+01
5.494200000000000000e+04 4.990449999999999875e+01
5.497200000000000000e+04 4.991360000000000241e+01
5.500200000000000000e+04 4.992320000000000135e+01
5.503200000000000000e+04 4.992980000000000018e+01
5.506200000000000000e+04 4.994740000000000180e+01
5.509200000000000000e+04 4.997020000000000550e+01
5.512200000000000000e+04 5.001180000000000092e+01
5.515200000000000000e+04 5.010000000000000142e+01
5.518200000000000000e+04 5.021030000000000371e+01
5.521200000000000000e+04 5.027270000000000039e+01
5.524200000000000000e+04 5.029279999999999973e+01
5.527200000000000000e+04 5.033389999999999986e+01
5.530200000000000000e+04 5.034989999999999810e+01
5.533200000000000000e+04 5.038879999999999626e+01
5.536200000000000000e+04 5.040869999999999607e+01
5.539200000000000000e+04 5.044060000000000343e+01
5.542200000000000000e+04 5.050520000000000209e+01
5.545200000000000000e+04 5.056320000000000192e+01
5.548200000000000000e+04 5.062389999999999901e+01
5.551200000000000000e+04 5.064699999999999847e+01
5.554200000000000000e+04 5.068509999999999849e+01
5.557200000000000000e+04 5.075480000000000302e+01
5.560200000000000000e+04 5.084809999999999519e+01
5.563200000000000000e+04 5.096800000000000352e+01
5.566200000000000000e+04 5.110549999999999926e+01
5.569200000000000000e+04 5.125939999999999941e+01
5.572200000000000000e+04 5.142969999999999686e+01
5.575200000000000000e+04 5.153199999999999648e+01
5.578200000000000000e+04 5.163830000000000098e+01
5.581200000000000000e+04 5.173830000000000240e+01
5.584200000000000000e+04 5.188020000000000209e+01
5.587200000000000000e+04 5.202479999999999905e+01
5.590200000000000000e+04 5.214070000000000249e+01
5.593200000000000000e+04 5.225900000000000034e+01
5.596200000000000000e+04 5.239189999999999969e+01
5.599200000000000000e+04 5.247180000000000177e+01
5.602200000000000000e+04 5.249629999999999797e+01
5.605200000000000000e+04 5.246889999999999787e+01
5.608200000000000000e+04 5.243560000000000088e+01
5.611200000000000000e+04 5.241299999999999670e+01
5.614200000000000000e+04 5.238490000000000180e+01
5.617200000000000000e+04 5.230960000000000321e+01
5.620200000000000000e+04 5.236950000000000216e+01
5.623200000000000000e+04 5.237700000000000244e+01
5.626200000000000000e+04 5.237250000000000227e+01
5.629200000000000000e+04 5.239520000000000266e+01
5.632200000000000000e+04 5.238149999999999551e+01
5.635200000000000000e+04 5.237850000000000250e+01
5.638200000000000000e+04 5.239220000000000255e+01
5.641200000000000000e+04 5.237820000000000675e+01
5.644200000000000000e+04 5.235689999999999600e+01
5.647200000000000000e+04 5.236299999999999955e+01
5.650200000000000000e+04 5.239789999999999992e+01
5.653200000000000000e+04 5.237360000000000326e+01
5.656200000000000000e+04 5.237469999999999715e+01
5.659200000000000000e+04 5.239000000000000057e+01
5.662200000000000000e+04 5.243490000000000606e+01
5.665200000000000000e+04 5.245889999999999986e+01
5.668200000000000000e+04 5.246959999999999980e+01
5.671200000000000000e+04 5.242889999999999873e+01
5.674200000000000000e+04 5.238139999999999930e+01
5.677200000000000000e+04 5.230750000000000455e+01
5.680200000000000000e+04 5.225300000000000011e+01
5.683200000000000000e+04 5.219219999999999970e+01
5.686200000000000000e+04 5.212380000000000280e+01
5.689200000000000000e+04 5.207640000000000668e+01
5.692200000000000000e+04 5.202459999999999951e+01
5.695200000000000000e+04 5.196959999999999980e+01
5.698200000000000000e+04 5.192710000000000292e+01
5.701200000000000000e+04 5.187230000000000274e+01
5.704200000000000000e+04 5.184730000000000416e+01
5.707200000000000000e+04 5.184410000000000451e+01
5.710200000000000000e+04 5.178399999999999892e+01
5.713200000000000000e+04 5.167849999999999966e+01
5.716200000000000000e+04 5.157809999999999917e+01
5.719200000000000000e+04 5.149200000000000443e+01
5.722200000000000000e+04 5.140650000000000119e+01
5.725200000000000000e+04 5.133830000000000382e+01
5.728200000000000000e+04 5.123810000000000286e+01
5.731200000000000000e+04 5.112689999999999912e+01
5.734200000000000000e+04 5.099200000000000443e+01
5.737200000000000000e+04 5.086139999999999617e+01
5.740200000000000000e+04 5.076319999999999766e+01
5.743200000000000000e+04 5.064289999999999736e+01
5.746200000000000000e+04 5.052159999999999940e+01
5.749200000000000000e+04 5.041169999999999618e+01
5.752200000000000000e+04 5.031579999999999586e+01
5.755200000000000000e+04 5.018980000000000530e+01
5.758200000000000000e+04 5.009199999999999875e+01
5.761200000000000000e+04 5.002459999999999951e+01
5.764200000000000000e+04 4.994630000000000081e+01
5.767200000000000000e+04 4.987219999999999942e+01
5.770200000000000000e+04 4.971370000000000289e+01
5.773200000000000000e+04 4.957189999999999941e+01
5.776200000000000000e+04 4.944839999999999947e+01
5.779200000000000000e+04 4.932469999999999999e+01
5.782200000000000000e+04 4.922180000000000177e+01
5.785200000000000000e+04 4.913400000000000034e+01
5.788200000000000000e+04 4.906439999999999912e+01
5.791200000000000000e+04 4.899399999999999977e+01
5.794200000000000000e+04 4.892669999999999675e+01
5.797200000000000000e+04 4.889850000000000563e+01
5.800200000000000000e+04 4.891400000000000148e+01
5.803200000000000000e+04 4.893390000000000128e+01
5.806200000000000000e+04 4.896189999999999998e+01
5.809200000000000000e+04 4.894350000000000023e+01
5.812200000000000000e+04 4.893590000000000373e+01
5.815200000000000000e+04 4.893259999999999366e+01
5.818200000000000000e+04 4.893119999999999692e+01
5.821200000000000000e+04 4.890959999999999752e+01
5.824200000000000000e+04 4.890370000000000061e+01
5.827200000000000000e+04 4.884690000000000509e+01
5.830200000000000000e+04 4.871940000000000026e+01
5.833200000000000000e+04 4.859009999999999962e+01
5.836200000000000000e+04 4.845969999999999800e+01
5.839200000000000000e+04 4.831980000000000075e+01
5.842200000000000000e+04 4.817210000000000036e+01
5.845200000000000000e+04 4.802100000000000080e+01
5.848200000000000000e+04 4.790820000000000078e+01
5.851200000000000000e+04 4.772189999999999799e+01
5.854200000000000000e+04 4.753340000000000032e+01
5.857200000000000000e+04 4.735820000000000363e+01
5.860200000000000000e+04 4.720539999999999736e+01
5.863200000000000000e+04 4.706540000000000390e+01
5.866200000000000000e+04 4.690149999999999864e+01
5.869200000000000000e+04 4.675649999999999551e+01
5.872200000000000000e+04 4.654679999999999751e+01
5.875200000000000000e+04 4.637740000000000151e+01
5.878200000000000000e+04 4.619879999999999853e+01
5.881200000000000000e+04 4.600050000000000239e+01
5.884200000000000000e+04 4.579410000000000025e+01
5.887200000000000000e+04 4.557789999999999964e+01
5.890200000000000000e+04 4.535490000000000066e+01
5.893200000000000000e+04 4.516270000000000095e+01
5.896200000000000000e+04 4.494610000000000127e+01
5.899200000000000000e+04 4.475339999999999918e+01
5.902200000000000000e+04 4.455280000000000484e+01
5.905200000000000000e+04 4.437890000000000157e+01
5.908200000000000000e+04 4.420709999999999695e+01
5.911200000000000000e+04 4.399109999999999587e+01
5.914200000000000000e+04 4.376730000000000587e+01
5.917200000000000000e+04 4.352909999999999968e+01
5.920200000000000000e+04 4.327949999999999875e+01
5.923200000000000000e+04 4.310240000000000293e+01
5.926200000000000000e+04 4.291409999999999769e+01
5.929200000000000000e+04 4.276550000000000296e+01
5.932200000000000000e+04 4.259660000000000224e+01
5.935200000000000000e+04 4.242040000000000077e+01
5.938200000000000000e+04 4.219469999999999743e+01
5.941200000000000000e+04 4.196439999999999770e+01
5.944200000000000000e+04 4.171569999999999823e+01
5.947200000000000000e+04 4.146529999999999916e+01
5.950200000000000000e+04 4.121710000000000207e+01
5.953200000000000000e+04 4.098510000000000275e+01
5.956200000000000000e+04 4.075010000000000332e+01
5.959200000000000000e+04 4.051370000000000005e+01
5.962200000000000000e+04 4.026509999999999678e+01
5.965200000000000000e+04 4.000969999999999516e+01
5.968200000000000000e+04 3.977400000000000091e+01
5.971200000000000000e+04 3.954599999999999937e+01
