4.678200000000000000e+04 9.838450000000000273e+01
4.681200000000000000e+04 9.823449999999999704e+01
4.684200000000000000e+04 9.815389999999999304e+01
4.687200000000000000e+04 9.810469999999999402e+01
4.690200000000000000e+04 9.798990000000000578e+01
4.693200000000000000e+04 9.789409999999999457e+01
4.696200000000000000e+04 9.783820000000000050e+01
4.699200000000000000e+04 9.776800000000000068e+01
4.702200000000000000e+04 9.769549999999999557e+01
4.705200000000000000e+04 9.761179999999998813e+01
4.708200000000000000e+04 9.752360000000000184e+01
4.711200000000000000e+04 9.743909999999999627e+01
4.714200000000000000e+04 9.736350000000000193e+01
4.717200000000000000e+04 9.729930000000000234e+01
4.720200000000000000e+04 9.724399999999999977e+01
4.723200000000000000e+04 9.718770000000000664e+01
4.726200000000000000e+04 9.709879999999999711e+01
4.729200000000000000e+04 9.700000000000000000e+01
4.732200000000000000e+04 9.694670000000000698e+01
4.735200000000000000e+04 9.689549999999999841e+01
4.738200000000000000e+04 9.680620000000000402e+01
4.741200000000000000e+04 9.670489999999999498e+01
4.744200000000000000e+04 9.661780000000000257e+01
4.747200000000000000e+04 9.652519999999999811e+01
4.750200000000000000e+04 9.646059999999999945e+01
4.753200000000000000e+04 9.636820000000000164e+01
4.756200000000000000e+04 9.630039999999999623e+01
4.759200000000000000e+04 9.624460000000000548e+01
4.762200000000000000e+04 9.614090000000000202e+01
4.765200000000000000e+04 9.611169999999999902e+01
4.768200000000000000e+04 9.602779999999999916e+01
4.771200000000000000e+04 9.592539999999999623e+01
4.774200000000000000e+04 9.585509999999999309e+01
4.777200000000000000e+04 9.574430000000000973e+01
4.780200000000000000e+04 9.567409999999999570e+01
4.783200000000000000e+04 9.561629999999999541e+01
4.786200000000000000e+04 9.556959999999999411e+01
4.789200000000000000e+04 9.549580000000000268e+01
4.792200000000000000e+04 9.541560000000001196e+01
4.795200000000000000e+04 9.537900000000000489e+01
4.798200000000000000e+04 9.527120000000000744e+01
4.801200000000000000e+04 9.518580000000000041e+01
4.804200000000000000e+04 9.515449999999999875e+01
4.807200000000000000e+04 9.509820000000000562e+01
4.810200000000000000e+04 9.499269999999999925e+01
4.813200000000000000e+04 9.495150000000001000e+01
4.816200000000000000e+04 9.487469999999999004e+01
4.819200000000000000e+04 9.478220000000000312e+01
4.822200000000000000e+04 9.468059999999999832e+01
4.825200000000000000e+04 9.460439999999999827e+01
4.828200000000000000e+04 9.453040000000000020e+01
4.831200000000000000e+04 9.445450000000001012e+01
4.834200000000000000e+04 9.431730000000000302e+01
4.837200000000000000e+04 9.425440000000000396e+01
4.840200000000000000e+04 9.413779999999999859e+01
4.843200000000000000e+04 9.405720000000000880e+01
4.846200000000000000e+04 9.400079999999999814e+01
4.849200000000000000e+04 9.394499999999999318e+01
4.852200000000000000e+04 9.384060000000000912e+01
4.855200000000000000e+04 9.374370000000000402e+01
4.858200000000000000e+04 9.366639999999999588e+01
4.861200000000000000e+04 9.358599999999999852e+01
4.864200000000000000e+04 9.347029999999999461e+01
4.867200000000000000e+04 9.334130000000000393e+01
4.870200000000000000e+04 9.323209999999998843e+01
4.873200000000000000e+04 9.318049999999999500e+01
4.876200000000000000e+04 9.310509999999999309e+01
4.879200000000000000e+04 9.298029999999999973e+01
4.882200000000000000e+04 9.291110000000000468e+01
4.885200000000000000e+04 9.284929999999999950e+01
4.888200000000000000e+04 9.277630000000000621e+01
4.891200000000000000e+04 9.270520000000000493e+01
4.894200000000000000e+04 9.259649999999999181e+01
4.897200000000000000e+04 9.253650000000000375e+01
4.900200000000000000e+04 9.241230000000000189e+01
4.903200000000000000e+04 9.231090000000000373e+01
4.906200000000000000e+04 9.223709999999999809e+01
4.909200000000000000e+04 9.215240000000000009e+01
4.912200000000000000e+04 9.206860000000000355e+01
4.915200000000000000e+04 9.198079999999998790e+01
4.918200000000000000e+04 9.186539999999999395e+01
4.921200000000000000e+04 9.177630000000000621e+01
4.924200000000000000e+04 9.171259999999999479e+01
4.927200000000000000e+04 9.161039999999999850e+01
4.930200000000000000e+04 9.153629999999999711e+01
4.933200000000000000e+04 9.149479999999999791e+01
4.936200000000000000e+04 9.140879999999999939e+01
4.939200000000000000e+04 9.137240000000001316e+01
4.942200000000000000e+04 9.132380000000000564e+01
4.945200000000000000e+04 9.126940000000000452e+01
4.948200000000000000e+04 9.117959999999999354e+01
4.951200000000000000e+04 9.113330000000000553e+01
4.954200000000000000e+04 9.104879999999999995e+01
4.957200000000000000e+04 9.094740000000000180e+01
4.960200000000000000e+04 9.085280000000000200e+01
4.963200000000000000e+04 9.073109999999999786e+01
4.966200000000000000e+04 9.063180000000001257e+01
4.969200000000000000e+04 9.058419999999999561e+01
4.972200000000000000e+04 9.045770000000000266e+01
4.975200000000000000e+04 9.039679999999999893e+01
4.978200000000000000e+04 9.027330000000000609e+01
4.981200000000000000e+04 9.017770000000000152e+01
4.984200000000000000e+04 9.010759999999999081e+01
4.987200000000000000e+04 9.001770000000000493e+01
4.990200000000000000e+04 8.993379999999999086e+01
4.993200000000000000e+04 8.989300000000000068e+01
4.996200000000000000e+04 8.979959999999999809e+01
4.999200000000000000e+04 8.976330000000000098e+01
5.002200000000000000e+04 8.970270000000000721e+01
5.005200000000000000e+04 8.966049999999999898e+01
5.008200000000000000e+04 8.956429999999998870e+01
5.011200000000000000e+04 8.951319999999999766e+01
5.014200000000000000e+04 8.940640000000000498e+01
5.017200000000000000e+04 8.933240000000000691e+01
5.020200000000000000e+04 8.925350000000000250e+01
5.023200000000000000e+04 8.914329999999999643e+01
5.026200000000000000e+04 8.902760000000000673e+01
5.029200000000000000e+04 8.896330000000000382e+01
5.032200000000000000e+04 8.888349999999999795e+01
5.035200000000000000e+04 8.883859999999999957e+01
5.038200000000000000e+04 8.873839999999999861e+01
5.041200000000000000e+04 8.870980000000000132e+01
5.044200000000000000e+04 8.862819999999999254e+01
5.047200000000000000e+04 8.862349999999999284e+01
5.050200000000000000e+04 8.853549999999999898e+01
5.053200000000000000e+04 8.842240000000001032e+01
5.056200000000000000e+04 8.838719999999999288e+01
5.059200000000000000e+04 8.835420000000000584e+01
5.062200000000000000e+04 8.829700000000001125e+01
5.065200000000000000e+04 8.828860000000000241e+01
5.068200000000000000e+04 8.822700000000000387e+01
5.071200000000000000e+04 8.818260000000000787e+01
5.074200000000000000e+04 8.816469999999999629e+01
5.077200000000000000e+04 8.813720000000000709e+01
5.080200000000000000e+04 8.808599999999999852e+01
5.083200000000000000e+04 8.803000000000000114e+01
5.086200000000000000e+04 8.797250000000001080e+01
5.089200000000000000e+04 8.796340000000000714e+01
5.092200000000000000e+04 8.788309999999999889e+01
5.095200000000000000e+04 8.786749999999999261e+01
5.098200000000000000e+04 8.780689999999999884e+01
5.101200000000000000e+04 8.777369999999999095e+01
5.104200000000000000e+04 8.771790000000000020e+01
5.107200000000000000e+04 8.768009999999999593e+01
5.110200000000000000e+04 8.760360000000000014e+01
5.113200000000000000e+04 8.756450000000000955e+01
5.116200000000000000e+04 8.753029999999999688e+01
5.119200000000000000e+04 8.750159999999999627e+01
5.122200000000000000e+04 8.744419999999999504e+01
5.125200000000000000e+04 8.738609999999999900e+01
5.128200000000000000e+04 8.734190000000000964e+01
5.131200000000000000e+04 8.730049999999999955e+01
5.134200000000000000e+04 8.725499999999999545e+01
5.137200000000000000e+04 8.719259999999999877e+01
5.140200000000000000e+04 8.713219999999999743e+01
5.143200000000000000e+04 8.709310000000000684e+01
5.146200000000000000e+04 8.706620000000000914e+01
5.149200000000000000e+04 8.701829999999999643e+01
5.152200000000000000e+04 8.696559999999999491e+01
5.155200000000000000e+04 8.695070000000001187e+01
5.158200000000000000e+04 8.692530000000000712e+01
5.161200000000000000e+04 8.688009999999999877e+01
5.164200000000000000e+04 8.682330000000000325e+01
5.167200000000000000e+04 8.678640000000000043e+01
5.170200000000000000e+04 8.671480000000001098e+01
5.173200000000000000e+04 8.671909999999999741e+01
5.176200000000000000e+04 8.666580000000000439e+01
5.179200000000000000e+04 8.662930000000000064e+01
5.182200000000000000e+04 8.656719999999999970e+01
5.185200000000000000e+04 8.652400000000000091e+01
5.188200000000000000e+04 8.649630000000000507e+01
5.191200000000000000e+04 8.645869999999999322e+01
5.194200000000000000e+04 8.644410000000000593e+01
5.197200000000000000e+04 8.640989999999999327e+01
5.200200000000000000e+04 8.636530000000000484e+01
5.203200000000000000e+04 8.634720000000000084e+01
5.206200000000000000e+04 8.629420000000000357e+01
5.209200000000000000e+04 8.626370000000000005e+01
5.212200000000000000e+04 8.618599999999999284e+01
5.215200000000000000e+04 8.615850000000000364e+01
5.218200000000000000e+04 8.612049999999999272e+01
5.221200000000000000e+04 8.604509999999999081e+01
5.224200000000000000e+04 8.601579999999999870e+01
5.227200000000000000e+04 8.596580000000000155e+01
5.230200000000000000e+04 8.587950000000000728e+01
5.233200000000000000e+04 8.585949999999999704e+01
5.236200000000000000e+04 8.584430000000000405e+01
5.239200000000000000e+04 8.579099999999999682e+01
5.242200000000000000e+04 8.574590000000000600e+01
5.245200000000000000e+04 8.567619999999999436e+01
5.248200000000000000e+04 8.563660000000000139e+01
5.251200000000000000e+04 8.561260000000000048e+01
5.254200000000000000e+04 8.556349999999999056e+01
5.257200000000000000e+04 8.549960000000000093e+01
5.260200000000000000e+04 8.544950000000000045e+01
5.263200000000000000e+04 8.543569999999999709e+01
5.266200000000000000e+04 8.538989999999999725e+01
5.269200000000000000e+04 8.530840000000000600e+01
5.272200000000000000e+04 8.525349999999998829e+01
5.275200000000000000e+04 8.519499999999999318e+01
5.278200000000000000e+04 8.516910000000000025e+01
5.281200000000000000e+04 8.510460000000000491e+01
5.284200000000000000e+04 8.507870000000001198e+01
5.287200000000000000e+04 8.504069999999998686e+01
5.290200000000000000e+04 8.503310000000000457e+01
5.293200000000000000e+04 8.497129999999999939e+01
5.296200000000000000e+04 8.489549999999999841e+01
5.299200000000000000e+04 8.483210000000001116e+01
5.302200000000000000e+04 8.480939999999999657e+01
5.305200000000000000e+04 8.474649999999999750e+01
5.308200000000000000e+04 8.468159999999998888e+01
5.311200000000000000e+04 8.462489999999999668e+01
5.314200000000000000e+04 8.458990000000000009e+01
5.317200000000000000e+04 8.452220000000001221e+01
5.320200000000000000e+04 8.448669999999999902e+01
5.323200000000000000e+04 8.442270000000000607e+01
5.326200000000000000e+04 8.435280000000000200e+01
5.329200000000000000e+04 8.428700000000000614e+01
5.332200000000000000e+04 8.421549999999999159e+01
5.335200000000000000e+04 8.419700000000000273e+01
5.338200000000000000e+04 8.411440000000000339e+01
5.341200000000000000e+04 8.407010000000001071e+01
5.344200000000000000e+04 8.398859999999999104e+01
5.347200000000000000e+04 8.393509999999999138e+01
5.350200000000000000e+04 8.388419999999999277e+01
5.353200000000000000e+04 8.385599999999999454e+01
5.356200000000000000e+04 8.382160000000000366e+01
5.359200000000000000e+04 8.382160000000000366e+01
5.362200000000000000e+04 8.375310000000000343e+01
5.365200000000000000e+04 8.369119999999999493e+01
5.368200000000000000e+04 8.366199999999999193e+01
5.371200000000000000e+04 8.359409999999999741e+01
5.374200000000000000e+04 8.352599999999999625e+01
5.377200000000000000e+04 8.344249999999999545e+01
5.380200000000000000e+04 8.340249999999998920e+01
5.383200000000000000e+04 8.333029999999999404e+01
5.386200000000000000e+04 8.328879999999999484e+01
5.389200000000000000e+04 8.322069999999999368e+01
5.392200000000000000e+04 8.316029999999999234e+01
5.395200000000000000e+04 8.310770000000000834e+01
5.398200000000000000e+04 8.303199999999999648e+01
5.401200000000000000e+04 8.296899999999999409e+01
5.404200000000000000e+04 8.287349999999999284e+01
5.407200000000000000e+04 8.284619999999999607e+01
5.410200000000000000e+04 8.276709999999999923e+01
5.413200000000000000e+04 8.270699999999999363e+01
5.416200000000000000e+04 8.268449999999999989e+01
5.419200000000000000e+04 8.258039999999999736e+01
5.422200000000000000e+04 8.251049999999999329e+01
5.425200000000000000e+04 8.245730000000000359e+01
5.428200000000000000e+04 8.237890000000000157e+01
5.431200000000000000e+04 8.232979999999999166e+01
5.434200000000000000e+04 8.221689999999999543e+01
5.437200000000000000e+04 8.212479999999999336e+01
5.440200000000000000e+04 8.206860000000000355e+01
5.443200000000000000e+04 8.197889999999999588e+01
5.446200000000000000e+04 8.187149999999999750e+01
5.449200000000000000e+04 8.188249999999999318e+01
5.452200000000000000e+04 8.177769999999999584e+01
5.455200000000000000e+04 8.169889999999999475e+01
5.458200000000000000e+04 8.165529999999999688e+01
5.461200000000000000e+04 8.158279999999999177e+01
5.464200000000000000e+04 8.153060000000000684e+01
5.467200000000000000e+04 8.150839999999999463e+01
5.470200000000000000e+04 8.150839999999999463e+01
5.473200000000000000e+04 8.145929999999999893e+01
5.476200000000000000e+04 8.139309999999998979e+01
5.479200000000000000e+04 8.139309999999998979e+01
5.482200000000000000e+04 8.134489999999999554e+01
5.485200000000000000e+04 8.134489999999999554e+01
5.488200000000000000e+04 8.134489999999999554e+01
5.491200000000000000e+04 8.132499999999998863e+01
5.494200000000000000e+04 8.132499999999998863e+01
5.497200000000000000e+04 8.125159999999999627e+01
5.500200000000000000e+04 8.120380000000000109e+01
5.503200000000000000e+04 8.117170000000000130e+01
5.506200000000000000e+04 8.113279999999998893e+01
5.509200000000000000e+04 8.108529999999998950e+01
5.512200000000000000e+04 8.102729999999999677e+01
5.515200000000000000e+04 8.099089999999999634e+01
5.518200000000000000e+04 8.091320000000000334e+01
5.521200000000000000e+04 8.084090000000000487e+01
5.524200000000000000e+04 8.078180000000000405e+01
5.527200000000000000e+04 8.073250000000000171e+01
5.530200000000000000e+04 8.066399999999998727e+01
5.533200000000000000e+04 8.063390000000001123e+01
5.536200000000000000e+04 8.058029999999999404e+01
5.539200000000000000e+04 8.052680000000000859e+01
5.542200000000000000e+04 8.051019999999999754e+01
5.545200000000000000e+04 8.051019999999999754e+01
5.548200000000000000e+04 8.045730000000000359e+01
5.551200000000000000e+04 8.037550000000000239e+01
5.554200000000000000e+04 8.028719999999999857e+01
5.557200000000000000e+04 8.027080000000000837e+01
5.560200000000000000e+04 8.023170000000000357e+01
5.563200000000000000e+04 8.020199999999999818e+01
5.566200000000000000e+04 8.019819999999999993e+01
5.569200000000000000e+04 8.012390000000000612e+01
5.572200000000000000e+04 8.005100000000000193e+01
5.575200000000000000e+04 7.997390000000000043e+01
5.578200000000000000e+04 7.992820000000000391e+01
5.581200000000000000e+04 7.987900000000000489e+01
5.584200000000000000e+04 7.982269999999999754e+01
5.587200000000000000e+04 7.975550000000001205e+01
5.590200000000000000e+04 7.970130000000000337e+01
5.593200000000000000e+04 7.965660000000001162e+01
5.596200000000000000e+04 7.961110000000000753e+01
5.599200000000000000e+04 7.955600000000001160e+01
5.602200000000000000e+04 7.954879999999999995e+01
5.605200000000000000e+04 7.953010000000000446e+01
5.608200000000000000e+04 7.955519999999999925e+01
5.611200000000000000e+04 7.955299999999999727e+01
5.614200000000000000e+04 7.954300000000000637e+01
5.617200000000000000e+04 7.955160000000000764e+01
5.620200000000000000e+04 7.951000000000000512e+01
5.623200000000000000e+04 7.951870000000000971e+01
5.626200000000000000e+04 7.951870000000000971e+01
5.629200000000000000e+04 7.951650000000002194e+01
5.632200000000000000e+04 7.951650000000002194e+01
5.635200000000000000e+04 7.951650000000002194e+01
5.638200000000000000e+04 7.953310000000001878e+01
5.641200000000000000e+04 7.954310000000002390e+01
5.644200000000000000e+04 7.953690000000003124e+01
5.647200000000000000e+04 7.952540000000001896e+01
5.650200000000000000e+04 7.949970000000003267e+01
5.653200000000000000e+04 7.954120000000003188e+01
5.656200000000000000e+04 7.953770000000002938e+01
5.659200000000000000e+04 7.955030000000003554e+01
5.662200000000000000e+04 7.955030000000003554e+01
5.665200000000000000e+04 7.954090000000005034e+01
5.668200000000000000e+04 7.950000000000004263e+01
5.671200000000000000e+04 7.948100000000003718e+01
5.674200000000000000e+04 7.944390000000004193e+01
5.677200000000000000e+04 7.942050000000004673e+01
5.680200000000000000e+04 7.935710000000004527e+01
5.683200000000000000e+04 7.934550000000004388e+01
5.686200000000000000e+04 7.931520000000004700e+01
5.689200000000000000e+04 7.927140000000004250e+01
5.692200000000000000e+04 7.927140000000004250e+01
5.695200000000000000e+04 7.922730000000004225e+01
5.698200000000000000e+04 7.922730000000004225e+01
5.701200000000000000e+04 7.922730000000004225e+01
5.704200000000000000e+04 7.915700000000003911e+01
5.707200000000000000e+04 7.915700000000003911e+01
5.710200000000000000e+04 7.915700000000003911e+01
5.713200000000000000e+04 7.909060000000003754e+01
5.716200000000000000e+04 7.904670000000004393e+01
5.719200000000000000e+04 7.903150000000003672e+01
5.722200000000000000e+04 7.899770000000003733e+01
5.725200000000000000e+04 7.895740000000004954e+01
5.728200000000000000e+04 7.892280000000005202e+01
5.731200000000000000e+04 7.882780000000003895e+01
5.734200000000000000e+04 7.882680000000003417e+01
5.737200000000000000e+04 7.878400000000004866e+01
5.740200000000000000e+04 7.875690000000004432e+01
5.743200000000000000e+04 7.894210000000003902e+01
5.746200000000000000e+04 7.894210000000003902e+01
5.749200000000000000e+04 7.895310000000003470e+01
5.752200000000000000e+04 7.896880000000003008e+01
5.755200000000000000e+04 7.895200000000004081e+01
5.758200000000000000e+04 7.914160000000003947e+01
5.761200000000000000e+04 7.896500000000004604e+01
5.764200000000000000e+04 7.894290000000003715e+01
5.767200000000000000e+04 7.892690000000003181e+01
5.770200000000000000e+04 7.889210000000002765e+01
5.773200000000000000e+04 7.891270000000004359e+01
5.776200000000000000e+04 7.889770000000004302e+01
5.779200000000000000e+04 7.891170000000002460e+01
5.782200000000000000e+04 7.888280000000004577e+01
5.785200000000000000e+04 7.890830000000003963e+01
5.788200000000000000e+04 7.894070000000003517e+01
5.791200000000000000e+04 7.898520000000003449e+01
5.794200000000000000e+04 7.891560000000004038e+01
5.797200000000000000e+04 7.893230000000004054e+01
5.800200000000000000e+04 7.888940000000003749e+01
5.803200000000000000e+04 7.887010000000003629e+01
5.806200000000000000e+04 7.883050000000004331e+01
5.809200000000000000e+04 7.881130000000004543e+01
5.812200000000000000e+04 7.877640000000003795e+01
5.815200000000000000e+04 7.873690000000003408e+01
5.818200000000000000e+04 7.870320000000003802e+01
5.821200000000000000e+04 7.865860000000003538e+01
5.824200000000000000e+04 7.858840000000003556e+01
5.827200000000000000e+04 7.849500000000004718e+01
5.830200000000000000e+04 7.843230000000002633e+01
5.833200000000000000e+04 7.844540000000003488e+01
5.836200000000000000e+04 7.834820000000003404e+01
5.839200000000000000e+04 7.830820000000004200e+01
5.842200000000000000e+04 7.826140000000003738e+01
5.845200000000000000e+04 7.822250000000003922e+01
5.848200000000000000e+04 7.813250000000003581e+01
5.851200000000000000e+04 7.807540000000003033e+01
5.854200000000000000e+04 7.802230000000002974e+01
5.857200000000000000e+04 7.794330000000002201e+01
5.860200000000000000e+04 7.789340000000004238e+01
5.863200000000000000e+04 7.779510000000003345e+01
5.866200000000000000e+04 7.774740000000004159e+01
5.869200000000000000e+04 7.770280000000003895e+01
5.872200000000000000e+04 7.759930000000004213e+01
5.875200000000000000e+04 7.755310000000002901e+01
5.878200000000000000e+04 7.750390000000002999e+01
5.881200000000000000e+04 7.744640000000002544e+01
5.884200000000000000e+04 7.742340000000002931e+01
5.887200000000000000e+04 7.738550000000002171e+01
5.890200000000000000e+04 7.731740000000003477e+01
5.893200000000000000e+04 7.725620000000003529e+01
5.896200000000000000e+04 7.719730000000004111e+01
5.899200000000000000e+04 7.715610000000003765e+01
5.902200000000000000e+04 7.706700000000003570e+01
5.905200000000000000e+04 7.695960000000003731e+01
5.908200000000000000e+04 7.689490000000003533e+01
5.911200000000000000e+04 7.680770000000003961e+01
5.914200000000000000e+04 7.675190000000003465e+01
5.917200000000000000e+04 7.674270000000004188e+01
5.920200000000000000e+04 7.667230000000003542e+01
5.923200000000000000e+04 7.664210000000004186e+01
5.926200000000000000e+04 7.663100000000002865e+01
5.929200000000000000e+04 7.661110000000003595e+01
5.932200000000000000e+04 7.656840000000003954e+01
5.935200000000000000e+04 7.654890000000003170e+01
5.938200000000000000e+04 7.652310000000004209e+01
5.941200000000000000e+04 7.649020000000004416e+01
5.944200000000000000e+04 7.645130000000003179e+01
5.947200000000000000e+04 7.640670000000002915e+01
5.950200000000000000e+04 7.637530000000003838e+01
5.953200000000000000e+04 7.636870000000004666e+01
5.956200000000000000e+04 7.632470000000003552e+01
5.959200000000000000e+04 7.624190000000004375e+01
5.962200000000000000e+04 7.623280000000002588e+01
5.965200000000000000e+04 7.620180000000003417e+01
5.968200000000000000e+04 7.619300000000004047e+01
5.971200000000000000e+04 7.617200000000002547e+01
5.974200000000000000e+04 7.611220000000002983e+01
5.977200000000000000e+04 7.607110000000002970e+01
5.980200000000000000e+04 7.605180000000002849e+01
5.983200000000000000e+04 7.599670000000003256e+01
5.986200000000000000e+04 7.592580000000003793e+01
5.989200000000000000e+04 7.587010000000003629e+01
5.992200000000000000e+04 7.581610000000003424e+01
5.995200000000000000e+04 7.578830000000003508e+01
5.998200000000000000e+04 7.574620000000004438e+01
6.001200000000000000e+04 7.565390000000003567e+01
6.004200000000000000e+04 7.558030000000003668e+01
6.007200000000000000e+04 7.553650000000003217e+01
6.010200000000000000e+04 7.547210000000004015e+01
6.013200000000000000e+04 7.541180000000002792e+01
