4.323200000000000000e+04 -4.435224999999999795e+02
4.326200000000000000e+04 -4.435229000000000497e+02
4.329200000000000000e+04 -4.435253000000000156e+02
4.332200000000000000e+04 -4.435290999999999713e+02
4.344200000000000000e+04 -4.435290999999999713e+02
4.347200000000000000e+04 -4.435302999999999543e+02
4.350200000000000000e+04 -4.435267999999999802e+02
4.353200000000000000e+04 -4.435388999999999555e+02
4.356200000000000000e+04 -4.435465999999999553e+02
4.359200000000000000e+04 -4.435419999999999732e+02
4.362200000000000000e+04 -4.435459999999999354e+02
4.365200000000000000e+04 -4.435429999999999495e+02
4.368200000000000000e+04 -4.435510999999999626e+02
4.371200000000000000e+04 -4.435513999999999442e+02
4.374200000000000000e+04 -4.435543999999999869e+02
4.377200000000000000e+04 -4.435642999999999461e+02
4.380200000000000000e+04 -4.435610999999999535e+02
4.383200000000000000e+04 -4.435669999999999504e+02
4.386200000000000000e+04 -4.435677999999999201e+02
4.389200000000000000e+04 -4.435644999999999527e+02
4.509200000000000000e+04 -4.435644999999999527e+02
4.512200000000000000e+04 -4.435722999999999843e+02
4.515200000000000000e+04 -4.435665999999999940e+02
4.518200000000000000e+04 -4.435794999999999959e+02
4.521200000000000000e+04 -4.435778999999999428e+02
4.524200000000000000e+04 -4.435765000000000100e+02
4.527200000000000000e+04 -4.435877999999999588e+02
4.530200000000000000e+04 -4.435909999999999513e+02
4.533200000000000000e+04 -4.436000000000000227e+02
4.536200000000000000e+04 -4.436052999999999997e+02
4.539200000000000000e+04 -4.436160999999999603e+02
4.542200000000000000e+04 -4.436195999999999344e+02
4.545200000000000000e+04 -4.436204000000000178e+02
4.548200000000000000e+04 -4.436241999999999734e+02
4.551200000000000000e+04 -4.436274999999999977e+02
4.554200000000000000e+04 -4.436160999999999603e+02
4.557200000000000000e+04 -4.436374999999999886e+02
4.560200000000000000e+04 -4.436315999999999349e+02
4.563200000000000000e+04 -4.436424000000000092e+02
4.566200000000000000e+04 -4.436435999999999922e+02
4.569200000000000000e+04 -4.436467000000000098e+02
4.572200000000000000e+04 -4.436519999999999868e+02
4.575200000000000000e+04 -4.436562000000000126e+02
4.578200000000000000e+04 -4.436664999999999850e+02
4.581200000000000000e+04 -4.436723999999999819e+02
4.584200000000000000e+04 -4.436683999999999628e+02
4.587200000000000000e+04 -4.436739000000000033e+02
4.590200000000000000e+04 -4.436838999999999942e+02
4.593200000000000000e+04 -4.436779999999999973e+02
4.596200000000000000e+04 -4.436868000000000052e+02
4.599200000000000000e+04 -4.436861000000000104e+02
4.602200000000000000e+04 -4.436970000000000027e+02
4.605200000000000000e+04 -4.436981999999999857e+02
4.608200000000000000e+04 -4.437011999999999716e+02
4.611200000000000000e+04 -4.437047999999999774e+02
4.614200000000000000e+04 -4.437101000000000113e+02
4.617200000000000000e+04 -4.437074999999999818e+02
4.620200000000000000e+04 -4.437248999999999342e+02
4.623200000000000000e+04 -4.437174999999999727e+02
4.626200000000000000e+04 -4.437219999999999800e+02
4.629200000000000000e+04 -4.437293999999999414e+02
4.632200000000000000e+04 -4.437289000000000101e+02
4.635200000000000000e+04 -4.437361999999999966e+02
4.638200000000000000e+04 -4.437249999999999659e+02
4.641200000000000000e+04 -4.437328999999999724e+02
4.644200000000000000e+04 -4.437396999999999707e+02
4.647200000000000000e+04 -4.437390999999999508e+02
4.650200000000000000e+04 -4.437411999999999921e+02
4.653200000000000000e+04 -4.437530999999999608e+02
4.656200000000000000e+04 -4.437483000000000288e+02
4.659200000000000000e+04 -4.437549000000000206e+02
4.662200000000000000e+04 -4.437642999999999915e+02
4.665200000000000000e+04 -4.437571999999999548e+02
4.668200000000000000e+04 -4.437613000000000056e+02
4.671200000000000000e+04 -4.437663000000000011e+02
4.674200000000000000e+04 -4.437686999999999671e+02
4.677200000000000000e+04 -4.437715000000000032e+02
4.680200000000000000e+04 -4.437697000000000003e+02
4.683200000000000000e+04 -4.437771000000000186e+02
4.686200000000000000e+04 -4.437835999999999785e+02
4.689200000000000000e+04 -4.437889999999999873e+02
4.692200000000000000e+04 -4.437881999999999607e+02
4.695200000000000000e+04 -4.438025999999999840e+02
4.698200000000000000e+04 -4.438004999999999995e+02
4.701200000000000000e+04 -4.437958999999999605e+02
4.704200000000000000e+04 -4.438065000000000282e+02
4.707200000000000000e+04 -4.438039999999999736e+02
4.710200000000000000e+04 -4.438108999999999469e+02
4.713200000000000000e+04 -4.438104999999999905e+02
4.716200000000000000e+04 -4.438112999999999602e+02
4.719200000000000000e+04 -4.438152000000000044e+02
4.722200000000000000e+04 -4.438188999999999851e+02
4.725200000000000000e+04 -4.438226999999999975e+02
4.728200000000000000e+04 -4.438308000000000106e+02
4.731200000000000000e+04 -4.438365999999999758e+02
4.734200000000000000e+04 -4.438317999999999870e+02
4.737200000000000000e+04 -4.438435000000000059e+02
4.740200000000000000e+04 -4.438456999999999653e+02
4.743200000000000000e+04 -4.438431999999999675e+02
4.746200000000000000e+04 -4.438447999999999638e+02
4.749200000000000000e+04 -4.438544999999999732e+02
4.752200000000000000e+04 -4.438453999999999837e+02
4.755200000000000000e+04 -4.438627999999999929e+02
4.758200000000000000e+04 -4.438641999999999825e+02
4.761200000000000000e+04 -4.438607999999999834e+02
4.764200000000000000e+04 -4.438673000000000002e+02
4.767200000000000000e+04 -4.438736000000000104e+02
4.770200000000000000e+04 -4.438749999999999432e+02
4.773200000000000000e+04 -4.438787999999999556e+02
4.776200000000000000e+04 -4.438894999999999982e+02
4.779200000000000000e+04 -4.438889999999999532e+02
4.782200000000000000e+04 -4.438828999999999496e+02
4.785200000000000000e+04 -4.438931999999999789e+02
4.788200000000000000e+04 -4.438932000000000357e+02
4.791200000000000000e+04 -4.438942000000000121e+02
4.794200000000000000e+04 -4.438973000000000297e+02
4.797200000000000000e+04 -4.438964999999999463e+02
4.800200000000000000e+04 -4.438978999999999360e+02
4.803200000000000000e+04 -4.438949000000000069e+02
4.806200000000000000e+04 -4.438911999999999694e+02
4.809200000000000000e+04 -4.438987000000000194e+02
4.812200000000000000e+04 -4.439050999999999476e+02
4.815200000000000000e+04 -4.439048000000000229e+02
4.818200000000000000e+04 -4.438956000000000017e+02
4.821200000000000000e+04 -4.439095999999999549e+02
4.824200000000000000e+04 -4.439133999999999673e+02
4.827200000000000000e+04 -4.439089999999999918e+02
4.830200000000000000e+04 -4.439165999999999599e+02
4.833200000000000000e+04 -4.439236999999999398e+02
4.836200000000000000e+04 -4.439266999999999825e+02
4.839200000000000000e+04 -4.439281999999999471e+02
4.842200000000000000e+04 -4.439284999999999854e+02
4.845200000000000000e+04 -4.439284999999999854e+02
4.848200000000000000e+04 -4.439304999999999950e+02
4.851200000000000000e+04 -4.439334999999999809e+02
4.854200000000000000e+04 -4.439406999999999925e+02
4.857200000000000000e+04 -4.439381999999999380e+02
4.860200000000000000e+04 -4.439522999999999797e+02
4.863200000000000000e+04 -4.439465999999999894e+02
4.866200000000000000e+04 -4.439409999999999741e+02
4.869200000000000000e+04 -4.439483999999999924e+02
4.872200000000000000e+04 -4.439539999999999509e+02
4.875200000000000000e+04 -4.439543999999999642e+02
4.878200000000000000e+04 -4.439596999999999980e+02
4.881200000000000000e+04 -4.439557999999999538e+02
4.884200000000000000e+04 -4.439614000000000260e+02
4.887200000000000000e+04 -4.439646999999999366e+02
4.890200000000000000e+04 -4.439683999999999742e+02
4.893200000000000000e+04 -4.439752000000000294e+02
4.896200000000000000e+04 -4.439667999999999779e+02
4.899200000000000000e+04 -4.439737999999999829e+02
4.902200000000000000e+04 -4.439776999999999703e+02
4.905200000000000000e+04 -4.439728999999999814e+02
4.908200000000000000e+04 -4.439757999999999925e+02
4.911200000000000000e+04 -4.439850999999999317e+02
4.914200000000000000e+04 -4.439866999999999848e+02
4.917200000000000000e+04 -4.439852999999999952e+02
4.920200000000000000e+04 -4.439857999999999834e+02
4.923200000000000000e+04 -4.439895999999999958e+02
4.926200000000000000e+04 -4.439843999999999937e+02
4.929200000000000000e+04 -4.440059999999999718e+02
4.932200000000000000e+04 -4.440130999999999517e+02
4.935200000000000000e+04 -4.439969999999999573e+02
4.938200000000000000e+04 -4.440054000000000087e+02
4.941200000000000000e+04 -4.440033999999999992e+02
4.944200000000000000e+04 -4.440052000000000021e+02
4.947200000000000000e+04 -4.440015999999999963e+02
4.950200000000000000e+04 -4.440140000000000100e+02
4.953200000000000000e+04 -4.440136999999999716e+02
4.956200000000000000e+04 -4.440119999999999436e+02
4.959200000000000000e+04 -4.440161999999999694e+02
4.962200000000000000e+04 -4.440108999999999924e+02
4.965200000000000000e+04 -4.440151999999999930e+02
4.968200000000000000e+04 -4.440280000000000200e+02
4.971200000000000000e+04 -4.440201999999999884e+02
4.974200000000000000e+04 -4.440249000000000024e+02
4.977200000000000000e+04 -4.440214999999999463e+02
4.980200000000000000e+04 -4.440342999999999734e+02
4.983200000000000000e+04 -4.440319000000000074e+02
4.986200000000000000e+04 -4.440268999999999551e+02
4.989200000000000000e+04 -4.440346999999999866e+02
4.992200000000000000e+04 -4.440315999999999690e+02
4.995200000000000000e+04 -4.440452000000000226e+02
4.998200000000000000e+04 -4.440341999999999416e+02
5.001200000000000000e+04 -4.440444999999999709e+02
5.004200000000000000e+04 -4.440329999999999586e+02
5.007200000000000000e+04 -4.440514000000000010e+02
5.010200000000000000e+04 -4.440488000000000284e+02
5.013200000000000000e+04 -4.440536000000000172e+02
5.016200000000000000e+04 -4.440636999999999830e+02
5.019200000000000000e+04 -4.440605999999999653e+02
5.022200000000000000e+04 -4.440625999999999749e+02
5.025200000000000000e+04 -4.440663999999999874e+02
5.028200000000000000e+04 -4.440642999999999461e+02
5.031200000000000000e+04 -4.440721000000000345e+02
5.034200000000000000e+04 -4.440794999999999391e+02
5.037200000000000000e+04 -4.440799999999999841e+02
5.040200000000000000e+04 -4.440809999999999604e+02
5.043200000000000000e+04 -4.440905999999999949e+02
5.046200000000000000e+04 -4.440894000000000119e+02
5.049200000000000000e+04 -4.440888999999999669e+02
5.052200000000000000e+04 -4.440937999999999306e+02
5.055200000000000000e+04 -4.440953999999999837e+02
5.058200000000000000e+04 -4.441055000000000064e+02
5.061200000000000000e+04 -4.441025999999999954e+02
5.064200000000000000e+04 -4.441112999999999715e+02
5.067200000000000000e+04 -4.441047999999999547e+02
5.070200000000000000e+04 -4.441141000000000076e+02
5.073200000000000000e+04 -4.441123999999999796e+02
5.076200000000000000e+04 -4.441098999999999819e+02
5.079200000000000000e+04 -4.441223999999999705e+02
5.082200000000000000e+04 -4.441109999999999900e+02
5.085200000000000000e+04 -4.441252999999999815e+02
5.088200000000000000e+04 -4.441160999999999603e+02
5.091200000000000000e+04 -4.441190000000000282e+02
5.094200000000000000e+04 -4.441290999999999940e+02
5.097200000000000000e+04 -4.441295999999999822e+02
5.100200000000000000e+04 -4.441353000000000293e+02
5.103200000000000000e+04 -4.441379000000000019e+02
5.106200000000000000e+04 -4.441376999999999384e+02
5.109200000000000000e+04 -4.441476000000000113e+02
5.112200000000000000e+04 -4.441471000000000231e+02
5.115200000000000000e+04 -4.441482999999999493e+02
5.118200000000000000e+04 -4.441473999999999478e+02
5.121200000000000000e+04 -4.441545999999999594e+02
5.124200000000000000e+04 -4.441498000000000275e+02
5.127200000000000000e+04 -4.441665999999999599e+02
5.130200000000000000e+04 -4.441609000000000265e+02
5.133200000000000000e+04 -4.441681999999999562e+02
5.136200000000000000e+04 -4.441678999999999746e+02
5.139200000000000000e+04 -4.441680999999999813e+02
5.142200000000000000e+04 -4.441704999999999472e+02
5.145200000000000000e+04 -4.441671000000000049e+02
5.148200000000000000e+04 -4.441723999999999819e+02
5.151200000000000000e+04 -4.441704000000000292e+02
5.154200000000000000e+04 -4.441718999999999937e+02
5.157200000000000000e+04 -4.441745000000000232e+02
5.160200000000000000e+04 -4.441861999999999853e+02
5.163200000000000000e+04 -4.441841000000000008e+02
5.166200000000000000e+04 -4.441831000000000245e+02
5.169200000000000000e+04 -4.441954000000000065e+02
5.172200000000000000e+04 -4.442050999999999590e+02
5.175200000000000000e+04 -4.442069999999999936e+02
5.178200000000000000e+04 -4.442171999999999343e+02
5.181200000000000000e+04 -4.442178999999999860e+02
5.184200000000000000e+04 -4.442257999999999925e+02
5.187200000000000000e+04 -4.442364000000000033e+02
5.190200000000000000e+04 -4.442380999999999744e+02
5.193200000000000000e+04 -4.442548999999999637e+02
5.196200000000000000e+04 -4.442622000000000071e+02
5.199200000000000000e+04 -4.442554999999999836e+02
5.202200000000000000e+04 -4.442697999999999752e+02
5.205200000000000000e+04 -4.442768999999999551e+02
5.208200000000000000e+04 -4.442718999999999596e+02
5.211200000000000000e+04 -4.442753999999999905e+02
5.214200000000000000e+04 -4.442813999999999623e+02
5.217200000000000000e+04 -4.442886999999999489e+02
5.220200000000000000e+04 -4.442837999999999852e+02
5.223200000000000000e+04 -4.442965999999999553e+02
5.226200000000000000e+04 -4.443050000000000068e+02
5.229200000000000000e+04 -4.442954000000000292e+02
5.232200000000000000e+04 -4.443059000000000083e+02
5.235200000000000000e+04 -4.443194000000000301e+02
5.238200000000000000e+04 -4.443131999999999948e+02
5.241200000000000000e+04 -4.443174999999999955e+02
5.244200000000000000e+04 -4.443354999999999677e+02
5.247200000000000000e+04 -4.443289999999999509e+02
5.250200000000000000e+04 -4.443519999999999754e+02
5.253200000000000000e+04 -4.443297999999999774e+02
5.256200000000000000e+04 -4.443431999999999675e+02
5.259200000000000000e+04 -4.443460999999999785e+02
5.262200000000000000e+04 -4.443505000000000109e+02
5.265200000000000000e+04 -4.443523000000000138e+02
5.268200000000000000e+04 -4.443604999999999450e+02
5.271200000000000000e+04 -4.443618999999999915e+02
5.274200000000000000e+04 -4.443528999999999769e+02
5.277200000000000000e+04 -4.443643000000000143e+02
5.280200000000000000e+04 -4.443658999999999537e+02
5.283200000000000000e+04 -4.443730999999999653e+02
5.286200000000000000e+04 -4.443735999999999535e+02
5.289200000000000000e+04 -4.443757999999999697e+02
5.292200000000000000e+04 -4.443880999999999517e+02
5.295200000000000000e+04 -4.443839999999999577e+02
5.298200000000000000e+04 -4.443962000000000216e+02
5.301200000000000000e+04 -4.443901999999999362e+02
5.304200000000000000e+04 -4.443994999999999891e+02
5.307200000000000000e+04 -4.443994999999999891e+02
5.310200000000000000e+04 -4.444123000000000161e+02
5.313200000000000000e+04 -4.444157999999999902e+02
5.316200000000000000e+04 -4.444117999999999711e+02
5.319200000000000000e+04 -4.443984999999999559e+02
5.322200000000000000e+04 -4.444153000000000020e+02
5.325200000000000000e+04 -4.444155999999999835e+02
5.328200000000000000e+04 -4.444199999999999591e+02
5.331200000000000000e+04 -4.444141999999999939e+02
5.334200000000000000e+04 -4.444265999999999508e+02
5.337200000000000000e+04 -4.444200000000000159e+02
5.340200000000000000e+04 -4.444193999999999960e+02
5.343200000000000000e+04 -4.444241999999999848e+02
5.346200000000000000e+04 -4.444283999999999537e+02
5.349200000000000000e+04 -4.444191000000000145e+02
5.352200000000000000e+04 -4.444325000000000045e+02
5.355200000000000000e+04 -4.444336000000000126e+02
5.358200000000000000e+04 -4.444356000000000222e+02
5.361200000000000000e+04 -4.444404000000000110e+02
5.364200000000000000e+04 -4.444439999999999600e+02
5.367200000000000000e+04 -4.444477999999999724e+02
5.370200000000000000e+04 -4.444415000000000191e+02
5.373200000000000000e+04 -4.444552999999999656e+02
5.376200000000000000e+04 -4.444605999999999426e+02
5.379200000000000000e+04 -4.444673000000000229e+02
5.382200000000000000e+04 -4.444692999999999756e+02
5.385200000000000000e+04 -4.444655999999999949e+02
5.388200000000000000e+04 -4.444759999999999991e+02
5.391200000000000000e+04 -4.444772999999999570e+02
5.394200000000000000e+04 -4.444802999999999429e+02
5.397200000000000000e+04 -4.444806999999999562e+02
5.400200000000000000e+04 -4.444852999999999952e+02
5.403200000000000000e+04 -4.444885999999999626e+02
5.406200000000000000e+04 -4.444913000000000238e+02
5.409200000000000000e+04 -4.445045999999999822e+02
5.412200000000000000e+04 -4.444954000000000178e+02
5.415200000000000000e+04 -4.444975000000000023e+02
5.418200000000000000e+04 -4.445046999999999571e+02
5.421200000000000000e+04 -4.445011999999999830e+02
5.424200000000000000e+04 -4.445083999999999946e+02
5.427200000000000000e+04 -4.445029999999999859e+02
5.430200000000000000e+04 -4.445235000000000127e+02
5.433200000000000000e+04 -4.445190000000000055e+02
5.436200000000000000e+04 -4.445267999999999802e+02
5.439200000000000000e+04 -4.445267000000000053e+02
5.442200000000000000e+04 -4.445339999999999918e+02
5.445200000000000000e+04 -4.445356999999999630e+02
5.448200000000000000e+04 -4.445301999999999794e+02
5.451200000000000000e+04 -4.445322999999999638e+02
5.454200000000000000e+04 -4.445353000000000065e+02
5.457200000000000000e+04 -4.445347999999999615e+02
5.460200000000000000e+04 -4.445461999999999989e+02
5.463200000000000000e+04 -4.445480999999999767e+02
5.466200000000000000e+04 -4.445584999999999809e+02
5.469200000000000000e+04 -4.445515999999999508e+02
5.472200000000000000e+04 -4.445761999999999716e+02
5.475200000000000000e+04 -4.445664999999999623e+02
5.478200000000000000e+04 -4.445711999999999762e+02
5.481200000000000000e+04 -4.445804999999999723e+02
5.484200000000000000e+04 -4.445722000000000094e+02
5.487200000000000000e+04 -4.445892000000000053e+02
5.490200000000000000e+04 -4.445689999999999600e+02
5.493200000000000000e+04 -4.445908000000000015e+02
5.496200000000000000e+04 -4.445957000000000221e+02
5.499200000000000000e+04 -4.445902999999999565e+02
5.502200000000000000e+04 -4.445856999999999744e+02
5.505200000000000000e+04 -4.445865999999999758e+02
5.508200000000000000e+04 -4.445938999999999623e+02
5.511200000000000000e+04 -4.445991999999999393e+02
5.514200000000000000e+04 -4.446044999999999732e+02
5.517200000000000000e+04 -4.446125999999999863e+02
5.520200000000000000e+04 -4.446003000000000043e+02
5.523200000000000000e+04 -4.446125000000000114e+02
5.526200000000000000e+04 -4.446179999999999950e+02
5.529200000000000000e+04 -4.446040999999999599e+02
5.532200000000000000e+04 -4.446133999999999560e+02
5.535200000000000000e+04 -4.446150999999999840e+02
5.538200000000000000e+04 -4.446218999999999824e+02
5.541200000000000000e+04 -4.446271999999999593e+02
5.544200000000000000e+04 -4.446268999999999778e+02
5.547200000000000000e+04 -4.446347999999999843e+02
5.550200000000000000e+04 -4.446403999999999996e+02
5.553200000000000000e+04 -4.446343999999999710e+02
5.556200000000000000e+04 -4.446426999999999907e+02
5.559200000000000000e+04 -4.446496000000000208e+02
5.562200000000000000e+04 -4.446496999999999957e+02
5.565200000000000000e+04 -4.446562999999999874e+02
5.568200000000000000e+04 -4.446551999999999794e+02
5.571200000000000000e+04 -4.446539999999999964e+02
5.574200000000000000e+04 -4.446547999999999661e+02
5.577200000000000000e+04 -4.446625999999999408e+02
5.580200000000000000e+04 -4.446690999999999576e+02
5.583200000000000000e+04 -4.446670999999999481e+02
5.586200000000000000e+04 -4.446814999999999714e+02
5.589200000000000000e+04 -4.446795999999999935e+02
5.592200000000000000e+04 -4.446721999999999753e+02
5.595200000000000000e+04 -4.446764999999999759e+02
5.598200000000000000e+04 -4.446887999999999579e+02
5.601200000000000000e+04 -4.446893999999999778e+02
5.604200000000000000e+04 -4.446967999999999961e+02
5.607200000000000000e+04 -4.446851999999999521e+02
5.610200000000000000e+04 -4.446951999999999998e+02
5.613200000000000000e+04 -4.447022999999999797e+02
5.616200000000000000e+04 -4.447015999999999849e+02
5.619200000000000000e+04 -4.447045999999999708e+02
5.622200000000000000e+04 -4.446947999999999865e+02
5.625200000000000000e+04 -4.447255999999999290e+02
5.628200000000000000e+04 -4.447188999999999623e+02
5.631200000000000000e+04 -4.447214999999999918e+02
5.634200000000000000e+04 -4.447203999999999837e+02
5.637200000000000000e+04 -4.447359999999999900e+02
5.640200000000000000e+04 -4.447316999999999894e+02
5.643200000000000000e+04 -4.447370999999999981e+02
5.646200000000000000e+04 -4.447378999999999678e+02
5.649200000000000000e+04 -4.447273999999999887e+02
5.652200000000000000e+04 -4.447378999999999678e+02
5.655200000000000000e+04 -4.447488999999999919e+02
5.658200000000000000e+04 -4.447366999999999848e+02
5.661200000000000000e+04 -4.447427999999999884e+02
5.664200000000000000e+04 -4.447481999999999971e+02
5.667200000000000000e+04 -4.447518999999999778e+02
5.670200000000000000e+04 -4.447525999999999726e+02
5.673200000000000000e+04 -4.447578999999999496e+02
5.676200000000000000e+04 -4.447514999999999645e+02
5.679200000000000000e+04 -4.447626999999999953e+02
5.682200000000000000e+04 -4.447599999999999909e+02
5.685200000000000000e+04 -4.447427999999999884e+02
5.688200000000000000e+04 -4.447570000000000050e+02
5.691200000000000000e+04 -4.447638999999999783e+02
5.694200000000000000e+04 -4.447653999999999996e+02
5.697200000000000000e+04 -4.447819999999999823e+02
5.700200000000000000e+04 -4.447622999999999820e+02
5.703200000000000000e+04 -4.447658999999999878e+02
5.706200000000000000e+04 -4.447716999999999530e+02
5.709200000000000000e+04 -4.447656000000000063e+02
5.712200000000000000e+04 -4.447740999999999758e+02
5.715200000000000000e+04 -4.447805999999999926e+02
5.718200000000000000e+04 -4.447742000000000075e+02
5.721200000000000000e+04 -4.447900999999999954e+02
5.724200000000000000e+04 -4.447922999999999547e+02
5.727200000000000000e+04 -4.448003999999999678e+02
5.730200000000000000e+04 -4.447961999999999989e+02
5.733200000000000000e+04 -4.448122000000000185e+02
5.736200000000000000e+04 -4.448104999999999905e+02
5.739200000000000000e+04 -4.448210000000000264e+02
5.742200000000000000e+04 -4.448152000000000044e+02
5.745200000000000000e+04 -4.448096999999999639e+02
5.748200000000000000e+04 -4.448166999999999689e+02
5.751200000000000000e+04 -4.448303000000000225e+02
5.754200000000000000e+04 -4.448379999999999654e+02
5.757200000000000000e+04 -4.448281000000000063e+02
5.760200000000000000e+04 -4.448347999999999729e+02
5.763200000000000000e+04 -4.448548999999999864e+02
5.766200000000000000e+04 -4.448455000000000155e+02
5.769200000000000000e+04 -4.448534999999999968e+02
5.772200000000000000e+04 -4.448535999999999717e+02
5.775200000000000000e+04 -4.448514999999999873e+02
5.778200000000000000e+04 -4.448562000000000012e+02
5.781200000000000000e+04 -4.448516999999999939e+02
5.784200000000000000e+04 -4.448370999999999640e+02
5.787200000000000000e+04 -4.448661000000000172e+02
5.790200000000000000e+04 -4.448469999999999800e+02
5.793200000000000000e+04 -4.448620999999999981e+02
5.796200000000000000e+04 -4.448639000000000010e+02
5.799200000000000000e+04 -4.448589999999999804e+02
5.802200000000000000e+04 -4.448719999999999573e+02
5.805200000000000000e+04 -4.448743000000000052e+02
5.808200000000000000e+04 -4.448740999999999985e+02
5.811200000000000000e+04 -4.448833999999999946e+02
5.814200000000000000e+04 -4.448895999999999731e+02
5.817200000000000000e+04 -4.448729999999999905e+02
5.820200000000000000e+04 -4.448853999999999473e+02
5.823200000000000000e+04 -4.448882999999999583e+02
5.826200000000000000e+04 -4.448956999999999766e+02
5.829200000000000000e+04 -4.448861999999999739e+02
5.832200000000000000e+04 -4.448897000000000048e+02
5.835200000000000000e+04 -4.448833999999999378e+02
5.838200000000000000e+04 -4.448752999999999815e+02
5.841200000000000000e+04 -4.448886999999999716e+02
5.844200000000000000e+04 -4.448799999999999955e+02
5.847200000000000000e+04 -4.448917000000000144e+02
5.850200000000000000e+04 -4.448965999999999781e+02
5.853200000000000000e+04 -4.449169999999999732e+02
5.856200000000000000e+04 -4.449178999999999746e+02
5.859200000000000000e+04 -4.448983999999999810e+02
5.862200000000000000e+04 -4.449117999999999711e+02
5.865200000000000000e+04 -4.449086999999999534e+02
5.868200000000000000e+04 -4.449082000000000221e+02
5.871200000000000000e+04 -4.449179999999999495e+02
5.874200000000000000e+04 -4.449390999999999963e+02
5.877200000000000000e+04 -4.449318999999999846e+02
5.880200000000000000e+04 -4.449395000000000095e+02
5.883200000000000000e+04 -4.449531000000000063e+02
5.886200000000000000e+04 -4.449703000000000088e+02
5.889200000000000000e+04 -4.449665999999999713e+02
5.892200000000000000e+04 -4.449685999999999808e+02
5.895200000000000000e+04 -4.449732999999999947e+02
5.898200000000000000e+04 -4.449730999999999881e+02
5.901200000000000000e+04 -4.449818999999999960e+02
5.904200000000000000e+04 -4.449935999999999581e+02
5.907200000000000000e+04 -4.449943999999999846e+02
5.910200000000000000e+04 -4.450085000000000264e+02
5.913200000000000000e+04 -4.450215999999999781e+02
5.916200000000000000e+04 -4.450138000000000034e+02
5.919200000000000000e+04 -4.450178000000000225e+02
5.922200000000000000e+04 -4.450187999999999988e+02
