4.749900000000000000e+04 7.198839999999999861e+01
4.752900000000000000e+04 7.198480000000000700e+01
4.755900000000000000e+04 7.194879999999999143e+01
4.758900000000000000e+04 7.190699999999999648e+01
4.761900000000000000e+04 7.194469999999999743e+01
4.764900000000000000e+04 7.195640000000000214e+01
4.767900000000000000e+04 7.196979999999999222e+01
4.770900000000000000e+04 7.198910000000000764e+01
4.773900000000000000e+04 7.203369999999999607e+01
4.776900000000000000e+04 7.207670000000000243e+01
4.779900000000000000e+04 7.213970000000000482e+01
4.782900000000000000e+04 7.219380000000001019e+01
4.785900000000000000e+04 7.228870000000000573e+01
4.788900000000000000e+04 7.239580000000000837e+01
4.791900000000000000e+04 7.251849999999998886e+01
4.794900000000000000e+04 7.265520000000000778e+01
4.797900000000000000e+04 7.275130000000000052e+01
4.800900000000000000e+04 7.289970000000000994e+01
4.803900000000000000e+04 7.304920000000001323e+01
4.806900000000000000e+04 7.323520000000000607e+01
4.809900000000000000e+04 7.344610000000000127e+01
4.812900000000000000e+04 7.366240000000000521e+01
4.815900000000000000e+04 7.392110000000000980e+01
4.818900000000000000e+04 7.422210000000001173e+01
4.821900000000000000e+04 7.455339999999999634e+01
4.824900000000000000e+04 7.490160000000000196e+01
4.827900000000000000e+04 7.529240000000000066e+01
4.830900000000000000e+04 7.569800000000000750e+01
4.833900000000000000e+04 7.606840000000001112e+01
4.836900000000000000e+04 7.638879999999998915e+01
4.839900000000000000e+04 7.671840000000000259e+01
4.842900000000000000e+04 7.704009999999999536e+01
4.845900000000000000e+04 7.733289999999999509e+01
4.848900000000000000e+04 7.765529999999999688e+01
4.851900000000000000e+04 7.790879999999999939e+01
4.854900000000000000e+04 7.811649999999998784e+01
4.857900000000000000e+04 7.833769999999999811e+01
4.860900000000000000e+04 7.852779999999999916e+01
4.863900000000000000e+04 7.870720000000000027e+01
4.866900000000000000e+04 7.886560000000000059e+01
4.869900000000000000e+04 7.905079999999999529e+01
4.872900000000000000e+04 7.919760000000000844e+01
4.875900000000000000e+04 7.927689999999999770e+01
4.878900000000000000e+04 7.937220000000000653e+01
4.881900000000000000e+04 7.943919999999999959e+01
4.884900000000000000e+04 7.950660000000000593e+01
4.887900000000000000e+04 7.952859999999999729e+01
4.890900000000000000e+04 7.955719999999999459e+01
4.893900000000000000e+04 7.957880000000000109e+01
4.896900000000000000e+04 7.959860000000000468e+01
4.899900000000000000e+04 7.958680000000001087e+01
4.902900000000000000e+04 7.958979999999999677e+01
4.905900000000000000e+04 7.957770000000000721e+01
4.908900000000000000e+04 7.958060000000000400e+01
4.911900000000000000e+04 7.956029999999999802e+01
4.914900000000000000e+04 7.955030000000000712e+01
4.917900000000000000e+04 7.956940000000000168e+01
4.920900000000000000e+04 7.955270000000000152e+01
4.923900000000000000e+04 7.949389999999999645e+01
4.926900000000000000e+04 7.942749999999999488e+01
4.929900000000000000e+04 7.933689999999999998e+01
4.932900000000000000e+04 7.928789999999999338e+01
4.935900000000000000e+04 7.922549999999999670e+01
4.938900000000000000e+04 7.912259999999999138e+01
4.941900000000000000e+04 7.902849999999999397e+01
4.944900000000000000e+04 7.892450000000000898e+01
4.947900000000000000e+04 7.884600000000000364e+01
4.950900000000000000e+04 7.878370000000001028e+01
4.953900000000000000e+04 7.870459999999999923e+01
4.956900000000000000e+04 7.862879999999999825e+01
4.959900000000000000e+04 7.854169999999999163e+01
4.962900000000000000e+04 7.839480000000000359e+01
4.965900000000000000e+04 7.825249999999999773e+01
4.968900000000000000e+04 7.811629999999999541e+01
4.971900000000000000e+04 7.800130000000000052e+01
4.974900000000000000e+04 7.791749999999998977e+01
4.977900000000000000e+04 7.781469999999998777e+01
4.980900000000000000e+04 7.769740000000000180e+01
4.983900000000000000e+04 7.756130000000000280e+01
4.986900000000000000e+04 7.745390000000000441e+01
4.989900000000000000e+04 7.735329999999999018e+01
4.992900000000000000e+04 7.731010000000000559e+01
4.995900000000000000e+04 7.722809999999999775e+01
4.998900000000000000e+04 7.712009999999999366e+01
5.001900000000000000e+04 7.701019999999999754e+01
5.004900000000000000e+04 7.690309999999999491e+01
5.007900000000000000e+04 7.685969999999998947e+01
5.010900000000000000e+04 7.674530000000000030e+01
5.013900000000000000e+04 7.664509999999999934e+01
5.016900000000000000e+04 7.654989999999999384e+01
5.019900000000000000e+04 7.647320000000000562e+01
5.022900000000000000e+04 7.641710000000000491e+01
5.025900000000000000e+04 7.633900000000001285e+01
5.028900000000000000e+04 7.626529999999999632e+01
5.031900000000000000e+04 7.622230000000000416e+01
5.034900000000000000e+04 7.616939999999999600e+01
5.037900000000000000e+04 7.607129999999999370e+01
5.040900000000000000e+04 7.595749999999999602e+01
5.043900000000000000e+04 7.583440000000000225e+01
5.046900000000000000e+04 7.573300000000000409e+01
5.049900000000000000e+04 7.563959999999998729e+01
5.052900000000000000e+04 7.555760000000000787e+01
5.055900000000000000e+04 7.548959999999999582e+01
5.058900000000000000e+04 7.542510000000000048e+01
5.061900000000000000e+04 7.533119999999999550e+01
5.064900000000000000e+04 7.520629999999999882e+01
5.067900000000000000e+04 7.510490000000000066e+01
5.070900000000000000e+04 7.501120000000000232e+01
5.073900000000000000e+04 7.496540000000000248e+01
5.076900000000000000e+04 7.488599999999999568e+01
5.079900000000000000e+04 7.475900000000000034e+01
5.082900000000000000e+04 7.464960000000000662e+01
5.085900000000000000e+04 7.453159999999999741e+01
5.088900000000000000e+04 7.441169999999999618e+01
5.091900000000000000e+04 7.431329999999999814e+01
5.094900000000000000e+04 7.420910000000000650e+01
5.097900000000000000e+04 7.411549999999999727e+01
5.100900000000000000e+04 7.399460000000000548e+01
5.103900000000000000e+04 7.390160000000000196e+01
5.106900000000000000e+04 7.380730000000001212e+01
5.109900000000000000e+04 7.374510000000000787e+01
5.112900000000000000e+04 7.366919999999998936e+01
5.115900000000000000e+04 7.358959999999999013e+01
5.118900000000000000e+04 7.350549999999999784e+01
5.121900000000000000e+04 7.342629999999999768e+01
5.124900000000000000e+04 7.337969999999999970e+01
5.127900000000000000e+04 7.329830000000001178e+01
5.130900000000000000e+04 7.325100000000000477e+01
5.133900000000000000e+04 7.319410000000000593e+01
5.136900000000000000e+04 7.313620000000000232e+01
5.139900000000000000e+04 7.308470000000001221e+01
5.142900000000000000e+04 7.303289999999999793e+01
5.145900000000000000e+04 7.296839999999998838e+01
5.148900000000000000e+04 7.290099999999999625e+01
5.151900000000000000e+04 7.283329999999999416e+01
5.154900000000000000e+04 7.273890000000000100e+01
5.157900000000000000e+04 7.266349999999999909e+01
5.160900000000000000e+04 7.258720000000000994e+01
5.163900000000000000e+04 7.250149999999999295e+01
5.166900000000000000e+04 7.241799999999999216e+01
5.169900000000000000e+04 7.233550000000001035e+01
5.172900000000000000e+04 7.225179999999998870e+01
5.175900000000000000e+04 7.220579999999999643e+01
5.178900000000000000e+04 7.218830000000001235e+01
5.181900000000000000e+04 7.212290000000000134e+01
5.184900000000000000e+04 7.209290000000000020e+01
5.187900000000000000e+04 7.199989999999999668e+01
5.190900000000000000e+04 7.191630000000000678e+01
5.193900000000000000e+04 7.186779999999998836e+01
5.196900000000000000e+04 7.178679999999999950e+01
5.199900000000000000e+04 7.169579999999999131e+01
5.202900000000000000e+04 7.159499999999999886e+01
5.205900000000000000e+04 7.150190000000000623e+01
5.208900000000000000e+04 7.142269999999999186e+01
5.211900000000000000e+04 7.134730000000000416e+01
5.214900000000000000e+04 7.126330000000000098e+01
5.217900000000000000e+04 7.115189999999999770e+01
5.220900000000000000e+04 7.104460000000000264e+01
5.223900000000000000e+04 7.095230000000000814e+01
5.226900000000000000e+04 7.086109999999999332e+01
5.229900000000000000e+04 7.073499999999999943e+01
5.232900000000000000e+04 7.061660000000000537e+01
5.235900000000000000e+04 7.050809999999999889e+01
5.238900000000000000e+04 7.038109999999998934e+01
5.241900000000000000e+04 7.028960000000000719e+01
5.244900000000000000e+04 7.018110000000000070e+01
5.247900000000000000e+04 7.008220000000000027e+01
5.250900000000000000e+04 6.999000000000000909e+01
5.253900000000000000e+04 6.991819999999999879e+01
5.256900000000000000e+04 6.984380000000000166e+01
5.259900000000000000e+04 6.976970000000000027e+01
5.262900000000000000e+04 6.972400000000000375e+01
5.265900000000000000e+04 6.967359999999999332e+01
5.268900000000000000e+04 6.963630000000000564e+01
5.271900000000000000e+04 6.958810000000001139e+01
5.274900000000000000e+04 6.955799999999999272e+01
5.277900000000000000e+04 6.949890000000000612e+01
5.280900000000000000e+04 6.946599999999999397e+01
5.283900000000000000e+04 6.940609999999999502e+01
5.286900000000000000e+04 6.934270000000000778e+01
5.289900000000000000e+04 6.927209999999999468e+01
5.292900000000000000e+04 6.920499999999999829e+01
5.295900000000000000e+04 6.912290000000000134e+01
5.298900000000000000e+04 6.907590000000000430e+01
5.301900000000000000e+04 6.899020000000000152e+01
5.304900000000000000e+04 6.887470000000000425e+01
5.307900000000000000e+04 6.874620000000000175e+01
5.310900000000000000e+04 6.860519999999999641e+01
5.313900000000000000e+04 6.845400000000000773e+01
5.316900000000000000e+04 6.833149999999999125e+01
5.319900000000000000e+04 6.818639999999999191e+01
5.322900000000000000e+04 6.800189999999999202e+01
5.325900000000000000e+04 6.778740000000000521e+01
5.328900000000000000e+04 6.759740000000000748e+01
5.331900000000000000e+04 6.741440000000000055e+01
5.334900000000000000e+04 6.721240000000000236e+01
5.337900000000000000e+04 6.704869999999999663e+01
5.340900000000000000e+04 6.692119999999999891e+01
5.343900000000000000e+04 6.674880000000000280e+01
5.346900000000000000e+04 6.660800000000000409e+01
5.349900000000000000e+04 6.642769999999998731e+01
5.352900000000000000e+04 6.626249999999998863e+01
5.355900000000000000e+04 6.610859999999999559e+01
5.358900000000000000e+04 6.596750000000000114e+01
5.361900000000000000e+04 6.584449999999999648e+01
5.364900000000000000e+04 6.570190000000000907e+01
5.367900000000000000e+04 6.558399999999998897e+01
5.370900000000000000e+04 6.545569999999999311e+01
5.373900000000000000e+04 6.535439999999999827e+01
5.376900000000000000e+04 6.527859999999999729e+01
5.379900000000000000e+04 6.522400000000000375e+01
5.382900000000000000e+04 6.515340000000000487e+01
5.385900000000000000e+04 6.506000000000000227e+01
5.388900000000000000e+04 6.497690000000000055e+01
5.391900000000000000e+04 6.490980000000000416e+01
5.394900000000000000e+04 6.480920000000000414e+01
5.397900000000000000e+04 6.475260000000000105e+01
5.400900000000000000e+04 6.468699999999999761e+01
5.403900000000000000e+04 6.465600000000000591e+01
5.406900000000000000e+04 6.462510000000000332e+01
5.409900000000000000e+04 6.455449999999999022e+01
5.412900000000000000e+04 6.448199999999999932e+01
5.415900000000000000e+04 6.443580000000000041e+01
5.418900000000000000e+04 6.442839999999999634e+01
5.421900000000000000e+04 6.441150000000000375e+01
5.424900000000000000e+04 6.442600000000000193e+01
5.427900000000000000e+04 6.447050000000000125e+01
5.430900000000000000e+04 6.450300000000000011e+01
5.433900000000000000e+04 6.457519999999999527e+01
5.436900000000000000e+04 6.461679999999999779e+01
5.439900000000000000e+04 6.467260000000000275e+01
5.442900000000000000e+04 6.469889999999999475e+01
5.445900000000000000e+04 6.472259999999999991e+01
5.448900000000000000e+04 6.477420000000000755e+01
5.451900000000000000e+04 6.482659999999999911e+01
5.454900000000000000e+04 6.484680000000000177e+01
5.457900000000000000e+04 6.485819999999999652e+01
5.460900000000000000e+04 6.489470000000000027e+01
5.463900000000000000e+04 6.491899999999999693e+01
5.466900000000000000e+04 6.491299999999999670e+01
5.469900000000000000e+04 6.493220000000000880e+01
5.472900000000000000e+04 6.494969999999999288e+01
5.475900000000000000e+04 6.497319999999999141e+01
5.478900000000000000e+04 6.496430000000000859e+01
5.481900000000000000e+04 6.496009999999999707e+01
5.484900000000000000e+04 6.495300000000000296e+01
5.487900000000000000e+04 6.497849999999999682e+01
5.490900000000000000e+04 6.497440000000000282e+01
5.493900000000000000e+04 6.496209999999999241e+01
5.496900000000000000e+04 6.497769999999999868e+01
5.499900000000000000e+04 6.498019999999999641e+01
5.502900000000000000e+04 6.500289999999999679e+01
5.505900000000000000e+04 6.503090000000000259e+01
5.508900000000000000e+04 6.504220000000000823e+01
5.511900000000000000e+04 6.503279999999999461e+01
5.514900000000000000e+04 6.502190000000000225e+01
5.517900000000000000e+04 6.499379999999999313e+01
5.520900000000000000e+04 6.499169999999999447e+01
5.523900000000000000e+04 6.492220000000000368e+01
5.526900000000000000e+04 6.487049999999999272e+01
5.529900000000000000e+04 6.483579999999999188e+01
5.532900000000000000e+04 6.480460000000000775e+01
5.535900000000000000e+04 6.478289999999999793e+01
5.538900000000000000e+04 6.475019999999999243e+01
5.541900000000000000e+04 6.468939999999999202e+01
5.544900000000000000e+04 6.464660000000000650e+01
5.547900000000000000e+04 6.457399999999999807e+01
5.550900000000000000e+04 6.451079999999998904e+01
5.553900000000000000e+04 6.445690000000000452e+01
5.556900000000000000e+04 6.441020000000000323e+01
5.559900000000000000e+04 6.435509999999999309e+01
5.562900000000000000e+04 6.430080000000000950e+01
5.565900000000000000e+04 6.426160000000000139e+01
5.568900000000000000e+04 6.421689999999999543e+01
5.571900000000000000e+04 6.419200000000000728e+01
5.574900000000000000e+04 6.415590000000000259e+01
5.577900000000000000e+04 6.413069999999999027e+01
5.580900000000000000e+04 6.409059999999999491e+01
5.583900000000000000e+04 6.400449999999999307e+01
5.586900000000000000e+04 6.392810000000000059e+01
5.589900000000000000e+04 6.386960000000000548e+01
5.592900000000000000e+04 6.382079999999999842e+01
5.595900000000000000e+04 6.372009999999999508e+01
5.598900000000000000e+04 6.362600000000000477e+01
5.601900000000000000e+04 6.354720000000000368e+01
5.604900000000000000e+04 6.351789999999999736e+01
5.607900000000000000e+04 6.350119999999999720e+01
5.610900000000000000e+04 6.343880000000000052e+01
5.613900000000000000e+04 6.338080000000000069e+01
5.616900000000000000e+04 6.334940000000000282e+01
5.619900000000000000e+04 6.332280000000000086e+01
5.622900000000000000e+04 6.332949999999999591e+01
5.625900000000000000e+04 6.334739999999999327e+01
5.628900000000000000e+04 6.333319999999999794e+01
5.631900000000000000e+04 6.330659999999999599e+01
5.634900000000000000e+04 6.330649999999999977e+01
5.637900000000000000e+04 6.325840000000000174e+01
5.640900000000000000e+04 6.321269999999999811e+01
5.643900000000000000e+04 6.317459999999999809e+01
5.646900000000000000e+04 6.315749999999999886e+01
5.649900000000000000e+04 6.309599999999999653e+01
5.652900000000000000e+04 6.307350000000000279e+01
5.655900000000000000e+04 6.304070000000000107e+01
5.658900000000000000e+04 6.297129999999999939e+01
5.661900000000000000e+04 6.291100000000000136e+01
5.664900000000000000e+04 6.285100000000000620e+01
5.667900000000000000e+04 6.274629999999999797e+01
5.670900000000000000e+04 6.268940000000000623e+01
5.673900000000000000e+04 6.263119999999999976e+01
5.676900000000000000e+04 6.258760000000000190e+01
5.679900000000000000e+04 6.254959999999999809e+01
5.682900000000000000e+04 6.249580000000000268e+01
5.685900000000000000e+04 6.246400000000000574e+01
5.688900000000000000e+04 6.246400000000000574e+01
5.691900000000000000e+04 6.240870000000001028e+01
5.694900000000000000e+04 6.235810000000000741e+01
5.697900000000000000e+04 6.232170000000001409e+01
5.700900000000000000e+04 6.228140000000001208e+01
5.703900000000000000e+04 6.228140000000001208e+01
5.706900000000000000e+04 6.225410000000001531e+01
5.709900000000000000e+04 6.225410000000001531e+01
5.712900000000000000e+04 6.220060000000001565e+01
5.715900000000000000e+04 6.218440000000001788e+01
5.718900000000000000e+04 6.212150000000001171e+01
5.721900000000000000e+04 6.212150000000001171e+01
5.724900000000000000e+04 6.207990000000001629e+01
5.727900000000000000e+04 6.204300000000001347e+01
5.730900000000000000e+04 6.198730000000001894e+01
5.733900000000000000e+04 6.195390000000001862e+01
5.736900000000000000e+04 6.192410000000001702e+01
5.739900000000000000e+04 6.188780000000001280e+01
5.742900000000000000e+04 6.185420000000001295e+01
5.745900000000000000e+04 6.177960000000001628e+01
5.748900000000000000e+04 6.172800000000001575e+01
5.751900000000000000e+04 6.169310000000001537e+01
5.754900000000000000e+04 6.162360000000001747e+01
5.757900000000000000e+04 6.158620000000001937e+01
5.760900000000000000e+04 6.151280000000001991e+01
5.763900000000000000e+04 6.145180000000001996e+01
5.766900000000000000e+04 6.138130000000001729e+01
5.769900000000000000e+04 6.131540000000001100e+01
5.772900000000000000e+04 6.124790000000001555e+01
5.775900000000000000e+04 6.119540000000001356e+01
5.778900000000000000e+04 6.114690000000001646e+01
5.781900000000000000e+04 6.108190000000001874e+01
5.784900000000000000e+04 6.098120000000001539e+01
5.787900000000000000e+04 6.088210000000001543e+01
5.790900000000000000e+04 6.080800000000002115e+01
5.793900000000000000e+04 6.067950000000001864e+01
5.796900000000000000e+04 6.055730000000001922e+01
5.799900000000000000e+04 6.044260000000001298e+01
5.802900000000000000e+04 6.031750000000001677e+01
5.805900000000000000e+04 6.021410000000001617e+01
5.808900000000000000e+04 6.009550000000001546e+01
5.811900000000000000e+04 5.998170000000001068e+01
5.814900000000000000e+04 5.987230000000001695e+01
5.817900000000000000e+04 5.981400000000001427e+01
5.820900000000000000e+04 5.970330000000002002e+01
5.823900000000000000e+04 5.960540000000001726e+01
5.826900000000000000e+04 5.951160000000001560e+01
5.829900000000000000e+04 5.944850000000001700e+01
5.832900000000000000e+04 5.938700000000001467e+01
5.835900000000000000e+04 5.931970000000001875e+01
5.838900000000000000e+04 5.923140000000001493e+01
5.841900000000000000e+04 5.915970000000001505e+01
5.844900000000000000e+04 5.909150000000001768e+01
5.847900000000000000e+04 5.903820000000001755e+01
5.850900000000000000e+04 5.897280000000001365e+01
5.853900000000000000e+04 5.890330000000001576e+01
5.856900000000000000e+04 5.883250000000001734e+01
5.859900000000000000e+04 5.878770000000001517e+01
5.862900000000000000e+04 5.875740000000001828e+01
5.865900000000000000e+04 5.872530000000001849e+01
5.868900000000000000e+04 5.867130000000001644e+01
5.871900000000000000e+04 5.864790000000001413e+01
5.874900000000000000e+04 5.863780000000001991e+01
5.877900000000000000e+04 5.863790000000001612e+01
5.880900000000000000e+04 5.864440000000001163e+01
5.883900000000000000e+04 5.866010000000001412e+01
5.886900000000000000e+04 5.868720000000001846e+01
5.889900000000000000e+04 5.870030000000001991e+01
5.892900000000000000e+04 5.872010000000001639e+01
5.895900000000000000e+04 5.874960000000001514e+01
5.898900000000000000e+04 5.877030000000002019e+01
5.901900000000000000e+04 5.880280000000001195e+01
5.904900000000000000e+04 5.888550000000002171e+01
5.907900000000000000e+04 5.897810000000001196e+01
5.910900000000000000e+04 5.899620000000001596e+01
5.913900000000000000e+04 5.903770000000001517e+01
5.916900000000000000e+04 5.906220000000001846e+01
5.919900000000000000e+04 5.907610000000001804e+01
5.922900000000000000e+04 5.909060000000000912e+01
5.925900000000000000e+04 5.911610000000001719e+01
5.928900000000000000e+04 5.915490000000001203e+01
5.931900000000000000e+04 5.914640000000001407e+01
5.934900000000000000e+04 5.907860000000001577e+01
5.937900000000000000e+04 5.905860000000001264e+01
5.940900000000000000e+04 5.901890000000001635e+01
5.943900000000000000e+04 5.900130000000001473e+01
5.946900000000000000e+04 5.892820000000001812e+01
5.949900000000000000e+04 5.882890000000001862e+01
5.952900000000000000e+04 5.875570000000001158e+01
5.955900000000000000e+04 5.867160000000001929e+01
5.958900000000000000e+04 5.860700000000001353e+01
5.961900000000000000e+04 5.849780000000001223e+01
5.964900000000000000e+04 5.836640000000001294e+01
5.967900000000000000e+04 5.821990000000001686e+01
5.970900000000000000e+04 5.808090000000001396e+01
5.973900000000000000e+04 5.791790000000001726e+01
5.976900000000000000e+04 5.775330000000001718e+01
5.979900000000000000e+04 5.760760000000001213e+01
5.982900000000000000e+04 5.743040000000001299e+01
5.985900000000000000e+04 5.725990000000001601e+01
5.988900000000000000e+04 5.708490000000001174e+01
5.991900000000000000e+04 5.689600000000001501e+01
5.994900000000000000e+04 5.674810000000002219e+01
5.997900000000000000e+04 5.659730000000001127e+01
6.000900000000000000e+04 5.645270000000001431e+01
6.003900000000000000e+04 5.633860000000002088e+01
6.006900000000000000e+04 5.621940000000002158e+01
6.009900000000000000e+04 5.610580000000001633e+01
6.012900000000000000e+04 5.598720000000001562e+01
6.015900000000000000e+04 5.587920000000001153e+01
6.018900000000000000e+04 5.575840000000001595e+01
6.021900000000000000e+04 5.562170000000001835e+01
6.024900000000000000e+04 5.550280000000001479e+01
6.027900000000000000e+04 5.536190000000001987e+01
6.030900000000000000e+04 5.523920000000001096e+01
6.033900000000000000e+04 5.510430000000001627e+01
6.036900000000000000e+04 5.497590000000001709e+01
6.039900000000000000e+04 5.486510000000001241e+01
6.042900000000000000e+04 5.477470000000001704e+01
6.045900000000000000e+04 5.465130000000001331e+01
6.048900000000000000e+04 5.458560000000001367e+01
6.051900000000000000e+04 5.451400000000001711e+01
6.054900000000000000e+04 5.443720000000001846e+01
6.057900000000000000e+04 5.437520000000001374e+01
6.060900000000000000e+04 5.433530000000001792e+01
6.063900000000000000e+04 5.427850000000001529e+01
6.066900000000000000e+04 5.421730000000001581e+01
6.069900000000000000e+04 5.416310000000001423e+01
6.072900000000000000e+04 5.409540000000001214e+01
6.075900000000000000e+04 5.405580000000001206e+01
6.078900000000000000e+04 5.399270000000001346e+01
6.081900000000000000e+04 5.390990000000001459e+01
6.084900000000000000e+04 5.387170000000001124e+01
6.087900000000000000e+04 5.383130000000001303e+01
6.090900000000000000e+04 5.385170000000001522e+01
6.093900000000000000e+04 5.385320000000001528e+01
6.096900000000000000e+04 5.384290000000001442e+01
6.099900000000000000e+04 5.384090000000001908e+01
6.102900000000000000e+04 5.380630000000001445e+01
6.105900000000000000e+04 5.379880000000001417e+01
6.108900000000000000e+04 5.379510000000001924e+01
6.111900000000000000e+04 5.381600000000001671e+01
6.114900000000000000e+04 5.385570000000001301e+01
6.117900000000000000e+04 5.386660000000001247e+01
6.120900000000000000e+04 5.386660000000001247e+01
6.123900000000000000e+04 5.386660000000001247e+01
6.126900000000000000e+04 5.390890000000000981e+01
6.129900000000000000e+04 5.389020000000001431e+01
6.132900000000000000e+04 5.386680000000001201e+01
