4.678200000000000000e+04 -6.594971000000000458e+02
4.681200000000000000e+04 -6.595026000000000295e+02
4.684200000000000000e+04 -6.595017000000000280e+02
4.687200000000000000e+04 -6.595023999999999660e+02
4.690200000000000000e+04 -6.595056000000000722e+02
4.693200000000000000e+04 -6.595030000000000427e+02
4.696200000000000000e+04 -6.595065000000000737e+02
4.699200000000000000e+04 -6.595072000000000116e+02
4.702200000000000000e+04 -6.595090000000000146e+02
4.705200000000000000e+04 -6.595091999999999643e+02
4.708200000000000000e+04 -6.595064000000000988e+02
4.711200000000000000e+04 -6.595104999999999791e+02
4.714200000000000000e+04 -6.595149999999999864e+02
4.717200000000000000e+04 -6.595153000000000247e+02
4.720200000000000000e+04 -6.595185999999999922e+02
4.723200000000000000e+04 -6.595217000000000098e+02
4.726200000000000000e+04 -6.595253999999999905e+02
4.729200000000000000e+04 -6.595249000000000024e+02
4.732200000000000000e+04 -6.595267999999999802e+02
4.735200000000000000e+04 -6.595294999999999845e+02
4.738200000000000000e+04 -6.595276999999999816e+02
4.741200000000000000e+04 -6.595349999999999682e+02
4.744200000000000000e+04 -6.595378999999999223e+02
4.747200000000000000e+04 -6.595400000000000773e+02
4.750200000000000000e+04 -6.595385999999999740e+02
4.753200000000000000e+04 -6.595407000000000153e+02
4.756200000000000000e+04 -6.595399999999999636e+02
4.759200000000000000e+04 -6.595402000000000271e+02
4.762200000000000000e+04 -6.595444999999999709e+02
4.765200000000000000e+04 -6.595464000000000624e+02
4.768200000000000000e+04 -6.595382000000000744e+02
4.771200000000000000e+04 -6.595475999999999885e+02
4.774200000000000000e+04 -6.595475999999999885e+02
4.777200000000000000e+04 -6.595496000000000549e+02
4.780200000000000000e+04 -6.595534999999999854e+02
4.783200000000000000e+04 -6.595563000000000784e+02
4.786200000000000000e+04 -6.595563999999999396e+02
4.789200000000000000e+04 -6.595612999999999602e+02
4.792200000000000000e+04 -6.595617999999999483e+02
4.795200000000000000e+04 -6.595624000000000251e+02
4.798200000000000000e+04 -6.595562999999999647e+02
4.801200000000000000e+04 -6.595641000000000531e+02
4.804200000000000000e+04 -6.595616999999999734e+02
4.807200000000000000e+04 -6.595610000000000355e+02
4.810200000000000000e+04 -6.595613000000000739e+02
4.813200000000000000e+04 -6.595611999999999853e+02
4.816200000000000000e+04 -6.595641999999999143e+02
4.819200000000000000e+04 -6.595643999999999778e+02
4.822200000000000000e+04 -6.595636000000000649e+02
4.825200000000000000e+04 -6.595693999999999733e+02
4.828200000000000000e+04 -6.595620999999999867e+02
4.831200000000000000e+04 -6.595728000000000293e+02
4.834200000000000000e+04 -6.595749999999999318e+02
4.837200000000000000e+04 -6.595760999999999967e+02
4.840200000000000000e+04 -6.595792000000000144e+02
4.843200000000000000e+04 -6.595844999999999345e+02
4.846200000000000000e+04 -6.595865999999999758e+02
4.849200000000000000e+04 -6.595880000000000791e+02
4.852200000000000000e+04 -6.595892000000000053e+02
4.855200000000000000e+04 -6.595913000000000466e+02
4.858200000000000000e+04 -6.595798999999999523e+02
4.861200000000000000e+04 -6.595884000000000924e+02
4.864200000000000000e+04 -6.595909000000000333e+02
4.867200000000000000e+04 -6.595908999999999196e+02
4.870200000000000000e+04 -6.595939999999999372e+02
4.873200000000000000e+04 -6.595946999999999889e+02
4.876200000000000000e+04 -6.595939000000000760e+02
4.879200000000000000e+04 -6.595964000000000169e+02
4.882200000000000000e+04 -6.595968000000000302e+02
4.885200000000000000e+04 -6.595956999999999653e+02
4.888200000000000000e+04 -6.595919999999999845e+02
4.891200000000000000e+04 -6.596009000000000242e+02
4.894200000000000000e+04 -6.596007999999999356e+02
4.897200000000000000e+04 -6.596012999999999238e+02
4.900200000000000000e+04 -6.596029000000000906e+02
4.903200000000000000e+04 -6.596038999999999533e+02
4.906200000000000000e+04 -6.596085000000000491e+02
4.909200000000000000e+04 -6.596130000000000564e+02
4.912200000000000000e+04 -6.596132000000000062e+02
4.915200000000000000e+04 -6.596146000000001095e+02
4.918200000000000000e+04 -6.596083999999999605e+02
4.921200000000000000e+04 -6.596153000000000475e+02
4.924200000000000000e+04 -6.596186000000000149e+02
4.927200000000000000e+04 -6.596208000000000311e+02
4.930200000000000000e+04 -6.596225999999999203e+02
4.933200000000000000e+04 -6.596250999999999749e+02
4.936200000000000000e+04 -6.596274000000000797e+02
4.939200000000000000e+04 -6.596273999999999660e+02
4.942200000000000000e+04 -6.596284999999999172e+02
4.945200000000000000e+04 -6.596272000000000162e+02
4.948200000000000000e+04 -6.596207000000000562e+02
4.951200000000000000e+04 -6.596290999999999940e+02
4.954200000000000000e+04 -6.596264999999999645e+02
4.957200000000000000e+04 -6.596289000000000442e+02
4.960200000000000000e+04 -6.596259000000000015e+02
4.963200000000000000e+04 -6.596277999999999793e+02
4.966200000000000000e+04 -6.596269999999999527e+02
4.969200000000000000e+04 -6.596276000000000295e+02
4.972200000000000000e+04 -6.596283999999999423e+02
4.975200000000000000e+04 -6.596290999999999940e+02
4.978200000000000000e+04 -6.596243000000000620e+02
4.981200000000000000e+04 -6.596300999999999704e+02
4.984200000000000000e+04 -6.596313999999999851e+02
4.987200000000000000e+04 -6.596304999999999836e+02
4.990200000000000000e+04 -6.596349999999999909e+02
4.993200000000000000e+04 -6.596353000000000293e+02
4.996200000000000000e+04 -6.596394999999999982e+02
4.999200000000000000e+04 -6.596451999999999316e+02
5.002200000000000000e+04 -6.596477999999999611e+02
5.005200000000000000e+04 -6.596544999999999845e+02
5.008200000000000000e+04 -6.596521999999999935e+02
5.011200000000000000e+04 -6.596617999999999711e+02
5.014200000000000000e+04 -6.596638000000000375e+02
5.017200000000000000e+04 -6.596688000000000329e+02
5.020200000000000000e+04 -6.596701000000000477e+02
5.023200000000000000e+04 -6.596721999999999753e+02
5.026200000000000000e+04 -6.596762999999999693e+02
5.029200000000000000e+04 -6.596756000000000313e+02
5.032200000000000000e+04 -6.596753999999999678e+02
5.035200000000000000e+04 -6.596754000000000815e+02
5.038200000000000000e+04 -6.596695999999999458e+02
5.041200000000000000e+04 -6.596752000000000180e+02
5.044200000000000000e+04 -6.596731999999999516e+02
5.047200000000000000e+04 -6.596738999999998896e+02
5.050200000000000000e+04 -6.596739000000000033e+02
5.053200000000000000e+04 -6.596757000000000062e+02
5.056200000000000000e+04 -6.596766000000000076e+02
5.059200000000000000e+04 -6.596768000000000711e+02
5.062200000000000000e+04 -6.596759000000000697e+02
5.065200000000000000e+04 -6.596777000000000726e+02
5.068200000000000000e+04 -6.596705999999999221e+02
5.071200000000000000e+04 -6.596793000000000120e+02
5.074200000000000000e+04 -6.596814000000000533e+02
5.077200000000000000e+04 -6.596829000000000178e+02
5.080200000000000000e+04 -6.596830999999999676e+02
5.083200000000000000e+04 -6.596865999999999985e+02
5.086200000000000000e+04 -6.596887000000000398e+02
5.089200000000000000e+04 -6.596908999999999423e+02
5.092200000000000000e+04 -6.596966999999999643e+02
5.095200000000000000e+04 -6.596951000000000249e+02
5.098200000000000000e+04 -6.596933999999999969e+02
5.101200000000000000e+04 -6.596973000000000411e+02
5.104200000000000000e+04 -6.597013000000000602e+02
5.107200000000000000e+04 -6.597047000000000025e+02
5.110200000000000000e+04 -6.597051000000000158e+02
5.113200000000000000e+04 -6.597115999999999758e+02
5.116200000000000000e+04 -6.597104000000000497e+02
5.119200000000000000e+04 -6.597116000000000895e+02
5.122200000000000000e+04 -6.597108000000000629e+02
5.125200000000000000e+04 -6.597141000000000304e+02
5.128200000000000000e+04 -6.597069000000000187e+02
5.131200000000000000e+04 -6.597151000000000067e+02
5.134200000000000000e+04 -6.597167000000000598e+02
5.137200000000000000e+04 -6.597192999999999756e+02
5.140200000000000000e+04 -6.597180999999999358e+02
5.143200000000000000e+04 -6.597197999999999638e+02
5.146200000000000000e+04 -6.597208000000000538e+02
5.149200000000000000e+04 -6.597184999999999491e+02
5.152200000000000000e+04 -6.597174999999999727e+02
5.155200000000000000e+04 -6.597212999999999283e+02
5.158200000000000000e+04 -6.597143999999999551e+02
5.161200000000000000e+04 -6.597223999999999933e+02
5.164200000000000000e+04 -6.597232000000000198e+02
5.167200000000000000e+04 -6.597235999999999194e+02
5.170200000000000000e+04 -6.597276999999999134e+02
5.173200000000000000e+04 -6.597314000000000078e+02
5.176200000000000000e+04 -6.597328999999999724e+02
5.179200000000000000e+04 -6.597342999999999620e+02
5.182200000000000000e+04 -6.597359999999999900e+02
5.185200000000000000e+04 -6.597355999999999767e+02
5.188200000000000000e+04 -6.597321000000000595e+02
5.191200000000000000e+04 -6.597374999999999545e+02
5.194200000000000000e+04 -6.597368000000000166e+02
5.197200000000000000e+04 -6.597380000000000564e+02
5.200200000000000000e+04 -6.597372000000000298e+02
5.203200000000000000e+04 -6.597418999999999869e+02
5.206200000000000000e+04 -6.597428999999999633e+02
5.209200000000000000e+04 -6.597450000000000045e+02
5.212200000000000000e+04 -6.597445000000000164e+02
5.215200000000000000e+04 -6.597459000000000060e+02
5.218200000000000000e+04 -6.597384000000000697e+02
5.221200000000000000e+04 -6.597486999999999853e+02
5.224200000000000000e+04 -6.597482999999999720e+02
5.227200000000000000e+04 -6.597454000000000178e+02
5.230200000000000000e+04 -6.597495000000000118e+02
5.233200000000000000e+04 -6.597477000000000089e+02
5.236200000000000000e+04 -6.597476000000000340e+02
5.239200000000000000e+04 -6.597503000000000384e+02
5.242200000000000000e+04 -6.597469999999999573e+02
5.245200000000000000e+04 -6.597457999999999174e+02
5.248200000000000000e+04 -6.597429000000000769e+02
5.251200000000000000e+04 -6.597509000000000015e+02
5.254200000000000000e+04 -6.597504000000000133e+02
5.257200000000000000e+04 -6.597509000000000015e+02
5.260200000000000000e+04 -6.597491999999999734e+02
5.263200000000000000e+04 -6.597535000000000309e+02
5.266200000000000000e+04 -6.597581999999999880e+02
5.269200000000000000e+04 -6.597626999999999953e+02
5.272200000000000000e+04 -6.597636999999999716e+02
5.275200000000000000e+04 -6.597658999999999878e+02
5.278200000000000000e+04 -6.597616000000000440e+02
5.281200000000000000e+04 -6.597711000000000467e+02
5.284200000000000000e+04 -6.597694999999999936e+02
5.287200000000000000e+04 -6.597698000000000320e+02
5.290200000000000000e+04 -6.597690000000000055e+02
5.293200000000000000e+04 -6.597730999999999995e+02
5.296200000000000000e+04 -6.597744999999999891e+02
5.299200000000000000e+04 -6.597757000000000289e+02
5.302200000000000000e+04 -6.597771000000000186e+02
5.305200000000000000e+04 -6.597786999999999580e+02
5.308200000000000000e+04 -6.597709999999999582e+02
5.311200000000000000e+04 -6.597807999999999993e+02
5.314200000000000000e+04 -6.597792999999999211e+02
5.317200000000000000e+04 -6.597798000000000229e+02
5.320200000000000000e+04 -6.597790999999999713e+02
5.323200000000000000e+04 -6.597786999999999580e+02
5.326200000000000000e+04 -6.597776000000000067e+02
5.329200000000000000e+04 -6.597776000000000067e+02
5.332200000000000000e+04 -6.597781999999999698e+02
5.335200000000000000e+04 -6.597808999999999742e+02
5.338200000000000000e+04 -6.597762999999999920e+02
5.341200000000000000e+04 -6.597867999999999711e+02
5.344200000000000000e+04 -6.597862000000000080e+02
5.347200000000000000e+04 -6.597872999999999593e+02
5.350200000000000000e+04 -6.597898999999999887e+02
5.353200000000000000e+04 -6.597915999999999030e+02
5.356200000000000000e+04 -6.597940999999999576e+02
5.359200000000000000e+04 -6.597952000000000226e+02
5.362200000000000000e+04 -6.597967999999999620e+02
5.365200000000000000e+04 -6.597966000000000122e+02
5.368200000000000000e+04 -6.597935999999999694e+02
5.371200000000000000e+04 -6.597975999999999885e+02
5.374200000000000000e+04 -6.597995000000000800e+02
5.377200000000000000e+04 -6.597977999999999383e+02
5.380200000000000000e+04 -6.597971000000000004e+02
5.383200000000000000e+04 -6.597998999999999796e+02
5.386200000000000000e+04 -6.598005000000000564e+02
5.389200000000000000e+04 -6.598005000000000564e+02
5.392200000000000000e+04 -6.598034000000000106e+02
5.395200000000000000e+04 -6.598014000000000578e+02
5.398200000000000000e+04 -6.597964000000000624e+02
5.401200000000000000e+04 -6.598057999999999765e+02
5.404200000000000000e+04 -6.598062999999999647e+02
5.407200000000000000e+04 -6.598070000000000164e+02
5.410200000000000000e+04 -6.598105000000000473e+02
5.413200000000000000e+04 -6.598160000000000309e+02
5.416200000000000000e+04 -6.598160000000000309e+02
5.419200000000000000e+04 -6.598209000000000515e+02
5.422200000000000000e+04 -6.598242000000000189e+02
5.425200000000000000e+04 -6.598256999999999834e+02
5.428200000000000000e+04 -6.598218999999999141e+02
5.431200000000000000e+04 -6.598291000000000395e+02
5.434200000000000000e+04 -6.598306999999999789e+02
5.437200000000000000e+04 -6.598357999999999493e+02
5.440200000000000000e+04 -6.598368000000000393e+02
5.443200000000000000e+04 -6.598409000000000333e+02
5.446200000000000000e+04 -6.598420999999999594e+02
5.449200000000000000e+04 -6.598469999999999800e+02
5.452200000000000000e+04 -6.598485999999999194e+02
5.455200000000000000e+04 -6.598516000000000759e+02
5.458200000000000000e+04 -6.598491000000000213e+02
5.461200000000000000e+04 -6.598544999999999163e+02
5.464200000000000000e+04 -6.598548999999999296e+02
5.467200000000000000e+04 -6.598585000000000491e+02
5.470200000000000000e+04 -6.598591000000000122e+02
5.473200000000000000e+04 -6.598639999999999191e+02
5.476200000000000000e+04 -6.598603000000000520e+02
5.479200000000000000e+04 -6.598623999999999796e+02
5.482200000000000000e+04 -6.598652999999999338e+02
5.485200000000000000e+04 -6.598673000000000002e+02
5.488200000000000000e+04 -6.598632000000000062e+02
5.491200000000000000e+04 -6.598673000000000002e+02
5.494200000000000000e+04 -6.598667000000000371e+02
5.497200000000000000e+04 -6.598692999999999529e+02
5.500200000000000000e+04 -6.598720999999999322e+02
5.503200000000000000e+04 -6.598700999999999794e+02
5.506200000000000000e+04 -6.598698000000000548e+02
5.509200000000000000e+04 -6.598736000000000104e+02
5.512200000000000000e+04 -6.598743000000000620e+02
5.515200000000000000e+04 -6.598746999999999616e+02
5.518200000000000000e+04 -6.598694000000000415e+02
5.521200000000000000e+04 -6.598781999999999925e+02
5.524200000000000000e+04 -6.598820999999999231e+02
5.527200000000000000e+04 -6.598852999999999156e+02
5.530200000000000000e+04 -6.598863000000000056e+02
5.533200000000000000e+04 -6.598886999999999716e+02
5.536200000000000000e+04 -6.598898999999998978e+02
5.539200000000000000e+04 -6.598917999999999893e+02
5.542200000000000000e+04 -6.598956999999999198e+02
5.545200000000000000e+04 -6.598991000000000895e+02
5.548200000000000000e+04 -6.598962999999999965e+02
5.551200000000000000e+04 -6.599028000000000702e+02
5.554200000000000000e+04 -6.599028999999999314e+02
5.557200000000000000e+04 -6.599021999999999935e+02
5.560200000000000000e+04 -6.599012999999999920e+02
5.563200000000000000e+04 -6.599004999999999654e+02
5.566200000000000000e+04 -6.598979000000000497e+02
5.569200000000000000e+04 -6.598969999999999345e+02
5.572200000000000000e+04 -6.598940999999999804e+02
5.575200000000000000e+04 -6.598953999999999951e+02
5.578200000000000000e+04 -6.598894000000000233e+02
5.581200000000000000e+04 -6.598962999999999965e+02
5.584200000000000000e+04 -6.598971000000000231e+02
5.587200000000000000e+04 -6.598971000000000231e+02
5.590200000000000000e+04 -6.598937000000000808e+02
5.593200000000000000e+04 -6.598936999999999671e+02
5.596200000000000000e+04 -6.598905999999999494e+02
5.599200000000000000e+04 -6.598908999999999878e+02
5.602200000000000000e+04 -6.598832999999999629e+02
5.605200000000000000e+04 -6.598897999999999229e+02
5.608200000000000000e+04 -6.598817000000000235e+02
5.611200000000000000e+04 -6.598866000000000440e+02
5.614200000000000000e+04 -6.598808000000000220e+02
5.617200000000000000e+04 -6.598781000000000176e+02
5.620200000000000000e+04 -6.598790999999999940e+02
5.623200000000000000e+04 -6.598780000000000427e+02
5.626200000000000000e+04 -6.598768999999999778e+02
5.629200000000000000e+04 -6.598773999999999660e+02
5.632200000000000000e+04 -6.598766000000000531e+02
5.635200000000000000e+04 -6.598731999999999971e+02
5.638200000000000000e+04 -6.598643000000000711e+02
5.641200000000000000e+04 -6.598652000000000726e+02
5.644200000000000000e+04 -6.598651000000000977e+02
5.647200000000000000e+04 -6.598632000000000062e+02
5.650200000000000000e+04 -6.598609000000000151e+02
5.653200000000000000e+04 -6.598591999999999871e+02
5.656200000000000000e+04 -6.598559000000000196e+02
5.659200000000000000e+04 -6.598574999999999591e+02
5.662200000000000000e+04 -6.598546999999999798e+02
5.665200000000000000e+04 -6.598553000000000566e+02
5.668200000000000000e+04 -6.598515000000001010e+02
5.671200000000000000e+04 -6.598532999999999902e+02
5.674200000000000000e+04 -6.598530999999999267e+02
5.677200000000000000e+04 -6.598487999999999829e+02
5.680200000000000000e+04 -6.598498000000000729e+02
5.683200000000000000e+04 -6.598469999999999800e+02
5.686200000000000000e+04 -6.598454999999999018e+02
5.689200000000000000e+04 -6.598417000000000598e+02
5.692200000000000000e+04 -6.598442000000000007e+02
5.695200000000000000e+04 -6.598444000000000642e+02
5.698200000000000000e+04 -6.598371999999999389e+02
5.701200000000000000e+04 -6.598437999999999874e+02
5.704200000000000000e+04 -6.598461999999999534e+02
5.707200000000000000e+04 -6.598483999999999696e+02
5.710200000000000000e+04 -6.598482000000000198e+02
5.713200000000000000e+04 -6.598515999999999622e+02
5.716200000000000000e+04 -6.598544000000000551e+02
5.719200000000000000e+04 -6.598537000000000035e+02
5.722200000000000000e+04 -6.598568000000000211e+02
5.725200000000000000e+04 -6.598607000000000653e+02
5.728200000000000000e+04 -6.598604000000000269e+02
5.731200000000000000e+04 -6.598684000000000651e+02
5.734200000000000000e+04 -6.598677999999999884e+02
5.737200000000000000e+04 -6.598732999999999720e+02
5.740200000000000000e+04 -6.598734000000000606e+02
5.743200000000000000e+04 -6.598753000000000384e+02
5.746200000000000000e+04 -6.598776000000000295e+02
5.749200000000000000e+04 -6.598825999999999112e+02
5.752200000000000000e+04 -6.598829999999999245e+02
5.755200000000000000e+04 -6.598868999999999687e+02
5.758200000000000000e+04 -6.598849000000000160e+02
5.761200000000000000e+04 -6.598894000000000233e+02
5.764200000000000000e+04 -6.598890999999999849e+02
5.767200000000000000e+04 -6.598917000000000144e+02
5.770200000000000000e+04 -6.598923999999999523e+02
5.773200000000000000e+04 -6.598897000000000617e+02
