4.509400000000000000e+04 6.283770000000000522e+01
4.512400000000000000e+04 6.283770000000000522e+01
4.515400000000000000e+04 6.283770000000000522e+01
4.518400000000000000e+04 6.283770000000000522e+01
4.521400000000000000e+04 6.283770000000000522e+01
4.524400000000000000e+04 6.283770000000000522e+01
4.527400000000000000e+04 6.344530000000002445e+01
4.530400000000000000e+04 6.403050000000001774e+01
4.533400000000000000e+04 6.459450000000001069e+01
4.536400000000000000e+04 6.510340000000002192e+01
4.539400000000000000e+04 6.560460000000000491e+01
4.542400000000000000e+04 6.607030000000000314e+01
4.545400000000000000e+04 6.648110000000002628e+01
4.548400000000000000e+04 6.683710000000002083e+01
4.551400000000000000e+04 6.717470000000000141e+01
4.554400000000000000e+04 6.745140000000000668e+01
4.557400000000000000e+04 6.765660000000002583e+01
4.560400000000000000e+04 6.787680000000003133e+01
4.563400000000000000e+04 6.803490000000002169e+01
4.566400000000000000e+04 6.819090000000002760e+01
4.569400000000000000e+04 6.830580000000003338e+01
4.572400000000000000e+04 6.841410000000001901e+01
4.575400000000000000e+04 6.853690000000000282e+01
4.578400000000000000e+04 6.864570000000000505e+01
4.581400000000000000e+04 6.874100000000001387e+01
4.584400000000000000e+04 6.880040000000002465e+01
4.587400000000000000e+04 6.881320000000002324e+01
4.590400000000000000e+04 6.880620000000001824e+01
4.593400000000000000e+04 6.876630000000002951e+01
4.596400000000000000e+04 6.870020000000002369e+01
4.599400000000000000e+04 6.861550000000002569e+01
4.602400000000000000e+04 6.849940000000000850e+01
4.605400000000000000e+04 6.838090000000002533e+01
4.608400000000000000e+04 6.828470000000001505e+01
4.611400000000000000e+04 6.821920000000002915e+01
4.614400000000000000e+04 6.813580000000001746e+01
4.617400000000000000e+04 6.803550000000001319e+01
4.620400000000000000e+04 6.791160000000002128e+01
4.623400000000000000e+04 6.778300000000001546e+01
4.626400000000000000e+04 6.762920000000002574e+01
4.629400000000000000e+04 6.748600000000001842e+01
4.632400000000000000e+04 6.736300000000002797e+01
4.635400000000000000e+04 6.722680000000002565e+01
4.638400000000000000e+04 6.708870000000001710e+01
4.641400000000000000e+04 6.694970000000000709e+01
4.644400000000000000e+04 6.680490000000000350e+01
4.647400000000000000e+04 6.664710000000002310e+01
4.650400000000000000e+04 6.652400000000002933e+01
4.653400000000000000e+04 6.638300000000000978e+01
4.656400000000000000e+04 6.626200000000002888e+01
4.659400000000000000e+04 6.613820000000001187e+01
4.662400000000000000e+04 6.598800000000002797e+01
4.665400000000000000e+04 6.584690000000003351e+01
4.668400000000000000e+04 6.571590000000003329e+01
4.671400000000000000e+04 6.558760000000003743e+01
4.674400000000000000e+04 6.544160000000002242e+01
4.677400000000000000e+04 6.529700000000002547e+01
4.680400000000000000e+04 6.516980000000000928e+01
4.683400000000000000e+04 6.505320000000003233e+01
4.686400000000000000e+04 6.495320000000000960e+01
4.689400000000000000e+04 6.483330000000000837e+01
4.692400000000000000e+04 6.471880000000001587e+01
4.695400000000000000e+04 6.458730000000002747e+01
4.698400000000000000e+04 6.448560000000003356e+01
4.701400000000000000e+04 6.437280000000001223e+01
4.704400000000000000e+04 6.422770000000002710e+01
4.707400000000000000e+04 6.409730000000001837e+01
4.710400000000000000e+04 6.398410000000000508e+01
4.713400000000000000e+04 6.390710000000000690e+01
4.716400000000000000e+04 6.382550000000002655e+01
4.719400000000000000e+04 6.371340000000002846e+01
4.722400000000000000e+04 6.363270000000002113e+01
4.725400000000000000e+04 6.355810000000001736e+01
4.728400000000000000e+04 6.346630000000001104e+01
4.731400000000000000e+04 6.333950000000000813e+01
4.734400000000000000e+04 6.325120000000000431e+01
4.737400000000000000e+04 6.314480000000002491e+01
4.740400000000000000e+04 6.304870000000001795e+01
4.743400000000000000e+04 6.294180000000002195e+01
4.746400000000000000e+04 6.286370000000001568e+01
4.749400000000000000e+04 6.278010000000002577e+01
4.752400000000000000e+04 6.268830000000001945e+01
4.755400000000000000e+04 6.259910000000000707e+01
4.758400000000000000e+04 6.252640000000000953e+01
4.761400000000000000e+04 6.241400000000000148e+01
4.764400000000000000e+04 6.231279999999999575e+01
4.767400000000000000e+04 6.220800000000001262e+01
4.770400000000000000e+04 6.209969999999999857e+01
4.773400000000000000e+04 6.203240000000000975e+01
4.776400000000000000e+04 6.195970000000001221e+01
4.779400000000000000e+04 6.184600000000001785e+01
4.782400000000000000e+04 6.171779999999999688e+01
4.785400000000000000e+04 6.158999999999998920e+01
4.788400000000000000e+04 6.145960000000000889e+01
4.791400000000000000e+04 6.133769999999999811e+01
4.794400000000000000e+04 6.121880000000000166e+01
4.797400000000000000e+04 6.110210000000000008e+01
4.800400000000000000e+04 6.094019999999999726e+01
4.803400000000000000e+04 6.078860000000000952e+01
4.806400000000000000e+04 6.063650000000000517e+01
4.809400000000000000e+04 6.048740000000000094e+01
4.812400000000000000e+04 6.033030000000000825e+01
4.815400000000000000e+04 6.017110000000000269e+01
4.818400000000000000e+04 6.001740000000000919e+01
4.821400000000000000e+04 5.987030000000000030e+01
4.824400000000000000e+04 5.970900000000000318e+01
4.827400000000000000e+04 5.954320000000001301e+01
4.830400000000000000e+04 5.938300000000000267e+01
4.833400000000000000e+04 5.920720000000000738e+01
4.836400000000000000e+04 5.904190000000000538e+01
4.839400000000000000e+04 5.886900000000000688e+01
4.842400000000000000e+04 5.871200000000000330e+01
4.845400000000000000e+04 5.855190000000001049e+01
4.848400000000000000e+04 5.839410000000000167e+01
4.851400000000000000e+04 5.824310000000000542e+01
4.854400000000000000e+04 5.809380000000000877e+01
4.857400000000000000e+04 5.794220000000000681e+01
4.860400000000000000e+04 5.779860000000000753e+01
4.863400000000000000e+04 5.763420000000000698e+01
4.866400000000000000e+04 5.746170000000000755e+01
4.869400000000000000e+04 5.727340000000000231e+01
4.872400000000000000e+04 5.710900000000000176e+01
4.875400000000000000e+04 5.696420000000000528e+01
4.878400000000000000e+04 5.682760000000000389e+01
4.881400000000000000e+04 5.669360000000000355e+01
4.884400000000000000e+04 5.655260000000000531e+01
4.887400000000000000e+04 5.638090000000000401e+01
4.890400000000000000e+04 5.619660000000000366e+01
4.893400000000000000e+04 5.596490000000000720e+01
4.896400000000000000e+04 5.572780000000000200e+01
4.899400000000000000e+04 5.549750000000000227e+01
4.902400000000000000e+04 5.526750000000000540e+01
4.905400000000000000e+04 5.506380000000000763e+01
4.908400000000000000e+04 5.481730000000000302e+01
4.911400000000000000e+04 5.456880000000001019e+01
4.914400000000000000e+04 5.428870000000000573e+01
4.917400000000000000e+04 5.402570000000000761e+01
4.920400000000000000e+04 5.374300000000000921e+01
4.923400000000000000e+04 5.344910000000000849e+01
4.926400000000000000e+04 5.316150000000000375e+01
4.929400000000000000e+04 5.285980000000000700e+01
4.932400000000000000e+04 5.256510000000000105e+01
4.935400000000000000e+04 5.228020000000000778e+01
4.938400000000000000e+04 5.200910000000000366e+01
4.941400000000000000e+04 5.177180000000000604e+01
4.944400000000000000e+04 5.151970000000000738e+01
4.947400000000000000e+04 5.129100000000000392e+01
4.950400000000000000e+04 5.107890000000000441e+01
4.953400000000000000e+04 5.083520000000000749e+01
4.956400000000000000e+04 5.060520000000000351e+01
4.959400000000000000e+04 5.037330000000000751e+01
4.962400000000000000e+04 5.012000000000000455e+01
4.965400000000000000e+04 4.987790000000001100e+01
4.968400000000000000e+04 4.966500000000000625e+01
4.971400000000000000e+04 4.944859999999999900e+01
4.974400000000000000e+04 4.924780000000000513e+01
4.977400000000000000e+04 4.906130000000000280e+01
4.980400000000000000e+04 4.885580000000000211e+01
4.983400000000000000e+04 4.864180000000001058e+01
4.986400000000000000e+04 4.844500000000000739e+01
4.989400000000000000e+04 4.823610000000000042e+01
4.992400000000000000e+04 4.803060000000000684e+01
4.995400000000000000e+04 4.784230000000000871e+01
4.998400000000000000e+04 4.767440000000000566e+01
5.001400000000000000e+04 4.747690000000000765e+01
5.004400000000000000e+04 4.728070000000001016e+01
5.007400000000000000e+04 4.709009999999999962e+01
5.010400000000000000e+04 4.690880000000000649e+01
5.013400000000000000e+04 4.673230000000000928e+01
5.016400000000000000e+04 4.654490000000000549e+01
5.019400000000000000e+04 4.636770000000000636e+01
5.022400000000000000e+04 4.619650000000000034e+01
5.025400000000000000e+04 4.600060000000000571e+01
5.028400000000000000e+04 4.582580000000000808e+01
5.031400000000000000e+04 4.563840000000000430e+01
5.034400000000000000e+04 4.544690000000000651e+01
5.037400000000000000e+04 4.529700000000000415e+01
5.040400000000000000e+04 4.514610000000000412e+01
5.043400000000000000e+04 4.496450000000000813e+01
5.046400000000000000e+04 4.480069999999999908e+01
5.049400000000000000e+04 4.460580000000000922e+01
5.052400000000000000e+04 4.440410000000000679e+01
5.055400000000000000e+04 4.422300000000000608e+01
5.058400000000000000e+04 4.405140000000000811e+01
5.061400000000000000e+04 4.391590000000000060e+01
5.064400000000000000e+04 4.376580000000000581e+01
5.067400000000000000e+04 4.363130000000001019e+01
5.070400000000000000e+04 4.350800000000000978e+01
5.073400000000000000e+04 4.335670000000000357e+01
5.076400000000000000e+04 4.317740000000000578e+01
5.079400000000000000e+04 4.303070000000000306e+01
5.082400000000000000e+04 4.289240000000000208e+01
5.085400000000000000e+04 4.272460000000000235e+01
5.088400000000000000e+04 4.256150000000000233e+01
5.091400000000000000e+04 4.241779999999999973e+01
5.094400000000000000e+04 4.228210000000000690e+01
5.097400000000000000e+04 4.216870000000000118e+01
5.100400000000000000e+04 4.207319999999999993e+01
5.103400000000000000e+04 4.197890000000001010e+01
5.106400000000000000e+04 4.187390000000000612e+01
5.109400000000000000e+04 4.176590000000000913e+01
5.112400000000000000e+04 4.168370000000000175e+01
5.115400000000000000e+04 4.161030000000000939e+01
5.118400000000000000e+04 4.152590000000000714e+01
5.121400000000000000e+04 4.145540000000000447e+01
5.124400000000000000e+04 4.142090000000001027e+01
5.127400000000000000e+04 4.137070000000000647e+01
5.130400000000000000e+04 4.135600000000000165e+01
5.133400000000000000e+04 4.133729999999999905e+01
5.136400000000000000e+04 4.134650000000000603e+01
5.139400000000000000e+04 4.133570000000000988e+01
5.142400000000000000e+04 4.132800000000001006e+01
5.145400000000000000e+04 4.131190000000000850e+01
5.148400000000000000e+04 4.126250000000000284e+01
5.151400000000000000e+04 4.123010000000000730e+01
5.154400000000000000e+04 4.119480000000000786e+01
5.157400000000000000e+04 4.117330000000000467e+01
5.160400000000000000e+04 4.115490000000000492e+01
5.163400000000000000e+04 4.112760000000000105e+01
5.166400000000000000e+04 4.111600000000000676e+01
5.169400000000000000e+04 4.108680000000000376e+01
5.172400000000000000e+04 4.105370000000000630e+01
5.175400000000000000e+04 4.104970000000000852e+01
5.178400000000000000e+04 4.105640000000000356e+01
5.181400000000000000e+04 4.106920000000000925e+01
5.184400000000000000e+04 4.104070000000000817e+01
5.187400000000000000e+04 4.101150000000000517e+01
5.190400000000000000e+04 4.098020000000000351e+01
5.193400000000000000e+04 4.092120000000000601e+01
5.196400000000000000e+04 4.087790000000000390e+01
5.199400000000000000e+04 4.085460000000000491e+01
5.202400000000000000e+04 4.086020000000000607e+01
5.205400000000000000e+04 4.089260000000000161e+01
5.208400000000000000e+04 4.091280000000000427e+01
5.211400000000000000e+04 4.090660000000000451e+01
5.214400000000000000e+04 4.091390000000000526e+01
5.217400000000000000e+04 4.091940000000000310e+01
5.220400000000000000e+04 4.089489999999999981e+01
5.223400000000000000e+04 4.089540000000000219e+01
5.226400000000000000e+04 4.094060000000001054e+01
5.229400000000000000e+04 4.100380000000000535e+01
5.232400000000000000e+04 4.105460000000000065e+01
5.235400000000000000e+04 4.112270000000000181e+01
5.238400000000000000e+04 4.120210000000000150e+01
5.241400000000000000e+04 4.127350000000000563e+01
5.244400000000000000e+04 4.135090000000000288e+01
5.247400000000000000e+04 4.140800000000000125e+01
5.250400000000000000e+04 4.146300000000000807e+01
5.253400000000000000e+04 4.153390000000000271e+01
5.256400000000000000e+04 4.159110000000000440e+01
5.259400000000000000e+04 4.167010000000000502e+01
5.262400000000000000e+04 4.172930000000000206e+01
5.265400000000000000e+04 4.181910000000000593e+01
5.268400000000000000e+04 4.191920000000000357e+01
5.271400000000000000e+04 4.202170000000000272e+01
5.274400000000000000e+04 4.214260000000000872e+01
5.277400000000000000e+04 4.226510000000000389e+01
5.280400000000000000e+04 4.238790000000000191e+01
5.283400000000000000e+04 4.248400000000000887e+01
5.286400000000000000e+04 4.256780000000000541e+01
5.289400000000000000e+04 4.265540000000000020e+01
5.292400000000000000e+04 4.272330000000000894e+01
5.295400000000000000e+04 4.281260000000000332e+01
5.298400000000000000e+04 4.285800000000000409e+01
5.301400000000000000e+04 4.292240000000000322e+01
5.304400000000000000e+04 4.297780000000000911e+01
5.307400000000000000e+04 4.303460000000001173e+01
5.310400000000000000e+04 4.305180000000000717e+01
5.313400000000000000e+04 4.307640000000000668e+01
5.316400000000000000e+04 4.308740000000000947e+01
5.319400000000000000e+04 4.311390000000000811e+01
5.322400000000000000e+04 4.314070000000000960e+01
5.325400000000000000e+04 4.316350000000000620e+01
5.328400000000000000e+04 4.316760000000000730e+01
5.331400000000000000e+04 4.318320000000000647e+01
5.334400000000000000e+04 4.320040000000000191e+01
5.337400000000000000e+04 4.321060000000000656e+01
5.340400000000000000e+04 4.318230000000000501e+01
5.343400000000000000e+04 4.314250000000000540e+01
5.346400000000000000e+04 4.310010000000000474e+01
5.349400000000000000e+04 4.307980000000000587e+01
5.352400000000000000e+04 4.305750000000000455e+01
5.355400000000000000e+04 4.305580000000000496e+01
5.358400000000000000e+04 4.303000000000000824e+01
5.361400000000000000e+04 4.301750000000000540e+01
5.364400000000000000e+04 4.298380000000000223e+01
5.367400000000000000e+04 4.296320000000000761e+01
5.370400000000000000e+04 4.292650000000001143e+01
5.373400000000000000e+04 4.288460000000000605e+01
5.376400000000000000e+04 4.282520000000000238e+01
5.379400000000000000e+04 4.276200000000000756e+01
5.382400000000000000e+04 4.269880000000000564e+01
5.385400000000000000e+04 4.261480000000000956e+01
5.388400000000000000e+04 4.252500000000000568e+01
5.391400000000000000e+04 4.243510000000000559e+01
5.394400000000000000e+04 4.235030000000000427e+01
5.397400000000000000e+04 4.224710000000001031e+01
5.400400000000000000e+04 4.213139999999999930e+01
5.403400000000000000e+04 4.201760000000000872e+01
5.406400000000000000e+04 4.193010000000000304e+01
5.409400000000000000e+04 4.187080000000000268e+01
5.412400000000000000e+04 4.185740000000000549e+01
5.415400000000000000e+04 4.180960000000001031e+01
5.418400000000000000e+04 4.171160000000000423e+01
5.421400000000000000e+04 4.162000000000000455e+01
5.424400000000000000e+04 4.150250000000000483e+01
5.427400000000000000e+04 4.136260000000000758e+01
5.430400000000000000e+04 4.117550000000000665e+01
5.433400000000000000e+04 4.094200000000000728e+01
5.436400000000000000e+04 4.066969999999999885e+01
5.439400000000000000e+04 4.035070000000000334e+01
5.442400000000000000e+04 3.999250000000000682e+01
5.445400000000000000e+04 3.964400000000000546e+01
5.448400000000000000e+04 3.929240000000000776e+01
5.451400000000000000e+04 3.896270000000000522e+01
5.454400000000000000e+04 3.864680000000000604e+01
5.457400000000000000e+04 3.833360000000000412e+01
5.460400000000000000e+04 3.800690000000000879e+01
5.463400000000000000e+04 3.768780000000000996e+01
5.466400000000000000e+04 3.736880000000000024e+01
5.469400000000000000e+04 3.708950000000000813e+01
5.472400000000000000e+04 3.680210000000000292e+01
5.475400000000000000e+04 3.653570000000000562e+01
5.478400000000000000e+04 3.630960000000001031e+01
5.481400000000000000e+04 3.606680000000000064e+01
5.484400000000000000e+04 3.583970000000000056e+01
5.487400000000000000e+04 3.559140000000000725e+01
5.490400000000000000e+04 3.540310000000000201e+01
5.493400000000000000e+04 3.518070000000000874e+01
5.496400000000000000e+04 3.498260000000000502e+01
5.499400000000000000e+04 3.478420000000000556e+01
5.502400000000000000e+04 3.462720000000000908e+01
5.505400000000000000e+04 3.449050000000000438e+01
5.508400000000000000e+04 3.438250000000000028e+01
5.511400000000000000e+04 3.428120000000000545e+01
5.514400000000000000e+04 3.419350000000000733e+01
5.517400000000000000e+04 3.413490000000000890e+01
5.520400000000000000e+04 3.413100000000000733e+01
5.523400000000000000e+04 3.413150000000000261e+01
5.526400000000000000e+04 3.411010000000000986e+01
5.529400000000000000e+04 3.411750000000000682e+01
5.532400000000000000e+04 3.409750000000000369e+01
5.535400000000000000e+04 3.406380000000000052e+01
5.538400000000000000e+04 3.407110000000000127e+01
5.541400000000000000e+04 3.410010000000000474e+01
5.544400000000000000e+04 3.417960000000000775e+01
5.547400000000000000e+04 3.425670000000000925e+01
5.550400000000000000e+04 3.433460000000000178e+01
5.553400000000000000e+04 3.442260000000000275e+01
5.556400000000000000e+04 3.448510000000000275e+01
5.559400000000000000e+04 3.451020000000000465e+01
5.562400000000000000e+04 3.456430000000001002e+01
5.565400000000000000e+04 3.467500000000001137e+01
5.568400000000000000e+04 3.474150000000000915e+01
5.571400000000000000e+04 3.480640000000000356e+01
5.574400000000000000e+04 3.488470000000000226e+01
5.577400000000000000e+04 3.498560000000000514e+01
5.580400000000000000e+04 3.507189999999999941e+01
5.583400000000000000e+04 3.517260000000000275e+01
5.586400000000000000e+04 3.525590000000000401e+01
5.589400000000000000e+04 3.530670000000000641e+01
5.592400000000000000e+04 3.532050000000000978e+01
5.595400000000000000e+04 3.529520000000000834e+01
5.598400000000000000e+04 3.527130000000001075e+01
5.601400000000000000e+04 3.526260000000000616e+01
5.604400000000000000e+04 3.528250000000000597e+01
5.607400000000000000e+04 3.534210000000000917e+01
5.610400000000000000e+04 3.544800000000000750e+01
5.613400000000000000e+04 3.555660000000001020e+01
5.616400000000000000e+04 3.561890000000000356e+01
5.619400000000000000e+04 3.568330000000000268e+01
5.622400000000000000e+04 3.576000000000000512e+01
5.625400000000000000e+04 3.584760000000000701e+01
5.628400000000000000e+04 3.584760000000000701e+01
5.631400000000000000e+04 3.584760000000000701e+01
5.634400000000000000e+04 3.584470000000001022e+01
5.637400000000000000e+04 3.584760000000000701e+01
5.640400000000000000e+04 3.575750000000000739e+01
5.643400000000000000e+04 3.570570000000000732e+01
5.646400000000000000e+04 3.567790000000000816e+01
5.649400000000000000e+04 3.565800000000000836e+01
5.652400000000000000e+04 3.559590000000001453e+01
5.655400000000000000e+04 3.543470000000000653e+01
5.658400000000000000e+04 3.545520000000001204e+01
5.661400000000000000e+04 3.546390000000000953e+01
5.664400000000000000e+04 3.547290000000000987e+01
5.667400000000000000e+04 3.552210000000000889e+01
5.670400000000000000e+04 3.556270000000000664e+01
5.673400000000000000e+04 3.558740000000000947e+01
5.676400000000000000e+04 3.561190000000001277e+01
5.679400000000000000e+04 3.561980000000001212e+01
5.682400000000000000e+04 3.558830000000000382e+01
5.685400000000000000e+04 3.560770000000000834e+01
5.688400000000000000e+04 3.559440000000000737e+01
5.691400000000000000e+04 3.560120000000000573e+01
5.694400000000000000e+04 3.566200000000001324e+01
5.697400000000000000e+04 3.569770000000001176e+01
5.700400000000000000e+04 3.577260000000001128e+01
5.703400000000000000e+04 3.580680000000000973e+01
5.706400000000000000e+04 3.579720000000000368e+01
5.709400000000000000e+04 3.577430000000001087e+01
5.712400000000000000e+04 3.576000000000001222e+01
5.715400000000000000e+04 3.577640000000000953e+01
5.718400000000000000e+04 3.580410000000001247e+01
5.721400000000000000e+04 3.583750000000000568e+01
5.724400000000000000e+04 3.592870000000001340e+01
5.727400000000000000e+04 3.540940000000000509e+01
5.730400000000000000e+04 3.554670000000001551e+01
5.733400000000000000e+04 3.568650000000000944e+01
5.736400000000000000e+04 3.568650000000000944e+01
5.739400000000000000e+04 3.568650000000000944e+01
5.742400000000000000e+04 3.568650000000000944e+01
5.745400000000000000e+04 3.568650000000000944e+01
5.748400000000000000e+04 3.571970000000000312e+01
5.751400000000000000e+04 3.570720000000000738e+01
5.754400000000000000e+04 3.568659999999999854e+01
5.757400000000000000e+04 3.568039999999999878e+01
5.760400000000000000e+04 3.563510000000000844e+01
5.763400000000000000e+04 3.565030000000000143e+01
5.766400000000000000e+04 3.571550000000000580e+01
5.769400000000000000e+04 3.580080000000000240e+01
5.772400000000000000e+04 3.590740000000000265e+01
5.775400000000000000e+04 3.600630000000000308e+01
5.778400000000000000e+04 3.612519999999999953e+01
5.781400000000000000e+04 3.623230000000000928e+01
5.784400000000000000e+04 3.636220000000000141e+01
5.787400000000000000e+04 3.650430000000000774e+01
